   9.6862745e-01   9.8431373e-01   1.0000000e+00
   9.6555171e-01   9.8234525e-01   9.9901576e-01
   9.6247597e-01   9.8037678e-01   9.9803153e-01
   9.5940023e-01   9.7840830e-01   9.9704729e-01
   9.5632449e-01   9.7643983e-01   9.9606305e-01
   9.5324875e-01   9.7447136e-01   9.9507882e-01
   9.5017301e-01   9.7250288e-01   9.9409458e-01
   9.4709727e-01   9.7053441e-01   9.9311034e-01
   9.4402153e-01   9.6856594e-01   9.9212611e-01
   9.4094579e-01   9.6659746e-01   9.9114187e-01
   9.3787005e-01   9.6462899e-01   9.9015763e-01
   9.3479431e-01   9.6266052e-01   9.8917339e-01
   9.3171857e-01   9.6069204e-01   9.8818916e-01
   9.2864283e-01   9.5872357e-01   9.8720492e-01
   9.2556709e-01   9.5675509e-01   9.8622068e-01
   9.2249135e-01   9.5478662e-01   9.8523645e-01
   9.1941561e-01   9.5281815e-01   9.8425221e-01
   9.1633987e-01   9.5084967e-01   9.8326797e-01
   9.1326413e-01   9.4888120e-01   9.8228374e-01
   9.1018839e-01   9.4691273e-01   9.8129950e-01
   9.0711265e-01   9.4494425e-01   9.8031526e-01
   9.0403691e-01   9.4297578e-01   9.7933103e-01
   9.0096117e-01   9.4100730e-01   9.7834679e-01
   8.9788543e-01   9.3903883e-01   9.7736255e-01
   8.9480969e-01   9.3707036e-01   9.7637832e-01
   8.9173395e-01   9.3510188e-01   9.7539408e-01
   8.8865821e-01   9.3313341e-01   9.7440984e-01
   8.8558247e-01   9.3116494e-01   9.7342561e-01
   8.8250673e-01   9.2919646e-01   9.7244137e-01
   8.7943099e-01   9.2722799e-01   9.7145713e-01
   8.7635525e-01   9.2525952e-01   9.7047290e-01
   8.7327951e-01   9.2329104e-01   9.6948866e-01
   8.7021915e-01   9.2132257e-01   9.6850442e-01
   8.6726644e-01   9.1935409e-01   9.6752018e-01
   8.6431373e-01   9.1738562e-01   9.6653595e-01
   8.6136101e-01   9.1541715e-01   9.6555171e-01
   8.5840830e-01   9.1344867e-01   9.6456747e-01
   8.5545559e-01   9.1148020e-01   9.6358324e-01
   8.5250288e-01   9.0951173e-01   9.6259900e-01
   8.4955017e-01   9.0754325e-01   9.6161476e-01
   8.4659746e-01   9.0557478e-01   9.6063053e-01
   8.4364475e-01   9.0360631e-01   9.5964629e-01
   8.4069204e-01   9.0163783e-01   9.5866205e-01
   8.3773933e-01   8.9966936e-01   9.5767782e-01
   8.3478662e-01   8.9770088e-01   9.5669358e-01
   8.3183391e-01   8.9573241e-01   9.5570934e-01
   8.2888120e-01   8.9376394e-01   9.5472511e-01
   8.2592849e-01   8.9179546e-01   9.5374087e-01
   8.2297578e-01   8.8982699e-01   9.5275663e-01
   8.2002307e-01   8.8785852e-01   9.5177240e-01
   8.1707036e-01   8.8589004e-01   9.5078816e-01
   8.1411765e-01   8.8392157e-01   9.4980392e-01
   8.1116494e-01   8.8195309e-01   9.4881968e-01
   8.0821223e-01   8.7998462e-01   9.4783545e-01
   8.0525952e-01   8.7801615e-01   9.4685121e-01
   8.0230681e-01   8.7604767e-01   9.4586697e-01
   7.9935409e-01   8.7407920e-01   9.4488274e-01
   7.9640138e-01   8.7211073e-01   9.4389850e-01
   7.9344867e-01   8.7014225e-01   9.4291426e-01
   7.9049596e-01   8.6817378e-01   9.4193003e-01
   7.8754325e-01   8.6620531e-01   9.4094579e-01
   7.8459054e-01   8.6423683e-01   9.3996155e-01
   7.8163783e-01   8.6226836e-01   9.3897732e-01
   7.7868512e-01   8.6029988e-01   9.3799308e-01
   7.7524029e-01   8.5830065e-01   9.3682430e-01
   7.7031911e-01   8.5620915e-01   9.3510188e-01
   7.6539792e-01   8.5411765e-01   9.3337947e-01
   7.6047674e-01   8.5202614e-01   9.3165705e-01
   7.5555556e-01   8.4993464e-01   9.2993464e-01
   7.5063437e-01   8.4784314e-01   9.2821223e-01
   7.4571319e-01   8.4575163e-01   9.2648981e-01
   7.4079200e-01   8.4366013e-01   9.2476740e-01
   7.3587082e-01   8.4156863e-01   9.2304498e-01
   7.3094963e-01   8.3947712e-01   9.2132257e-01
   7.2602845e-01   8.3738562e-01   9.1960015e-01
   7.2110727e-01   8.3529412e-01   9.1787774e-01
   7.1618608e-01   8.3320261e-01   9.1615532e-01
   7.1126490e-01   8.3111111e-01   9.1443291e-01
   7.0634371e-01   8.2901961e-01   9.1271050e-01
   7.0142253e-01   8.2692810e-01   9.1098808e-01
   6.9650135e-01   8.2483660e-01   9.0926567e-01
   6.9158016e-01   8.2274510e-01   9.0754325e-01
   6.8665898e-01   8.2065359e-01   9.0582084e-01
   6.8173779e-01   8.1856209e-01   9.0409842e-01
   6.7681661e-01   8.1647059e-01   9.0237601e-01
   6.7189542e-01   8.1437908e-01   9.0065359e-01
   6.6697424e-01   8.1228758e-01   8.9893118e-01
   6.6205306e-01   8.1019608e-01   8.9720877e-01
   6.5713187e-01   8.0810458e-01   8.9548635e-01
   6.5221069e-01   8.0601307e-01   8.9376394e-01
   6.4728950e-01   8.0392157e-01   8.9204152e-01
   6.4236832e-01   8.0183007e-01   8.9031911e-01
   6.3744714e-01   7.9973856e-01   8.8859669e-01
   6.3252595e-01   7.9764706e-01   8.8687428e-01
   6.2760477e-01   7.9555556e-01   8.8515186e-01
   6.2268358e-01   7.9346405e-01   8.8342945e-01
   6.1725490e-01   7.9086505e-01   8.8184544e-01
   6.1098039e-01   7.8742022e-01   8.8049212e-01
   6.0470588e-01   7.8397539e-01   8.7913879e-01
   5.9843137e-01   7.8053057e-01   8.7778547e-01
   5.9215686e-01   7.7708574e-01   8.7643214e-01
   5.8588235e-01   7.7364091e-01   8.7507882e-01
   5.7960784e-01   7.7019608e-01   8.7372549e-01
   5.7333333e-01   7.6675125e-01   8.7237216e-01
   5.6705882e-01   7.6330642e-01   8.7101884e-01
   5.6078431e-01   7.5986159e-01   8.6966551e-01
   5.5450980e-01   7.5641676e-01   8.6831219e-01
   5.4823529e-01   7.5297193e-01   8.6695886e-01
   5.4196078e-01   7.4952710e-01   8.6560554e-01
   5.3568627e-01   7.4608228e-01   8.6425221e-01
   5.2941176e-01   7.4263745e-01   8.6289889e-01
   5.2313725e-01   7.3919262e-01   8.6154556e-01
   5.1686275e-01   7.3574779e-01   8.6019223e-01
   5.1058824e-01   7.3230296e-01   8.5883891e-01
   5.0431373e-01   7.2885813e-01   8.5748558e-01
   4.9803922e-01   7.2541330e-01   8.5613226e-01
   4.9176471e-01   7.2196847e-01   8.5477893e-01
   4.8549020e-01   7.1852364e-01   8.5342561e-01
   4.7921569e-01   7.1507882e-01   8.5207228e-01
   4.7294118e-01   7.1163399e-01   8.5071895e-01
   4.6666667e-01   7.0818916e-01   8.4936563e-01
   4.6039216e-01   7.0474433e-01   8.4801230e-01
   4.5411765e-01   7.0129950e-01   8.4665898e-01
   4.4784314e-01   6.9785467e-01   8.4530565e-01
   4.4156863e-01   6.9440984e-01   8.4395233e-01
   4.3529412e-01   6.9096501e-01   8.4259900e-01
   4.2901961e-01   6.8752018e-01   8.4124567e-01
   4.2274510e-01   6.8407536e-01   8.3989235e-01
   4.1708574e-01   6.8063053e-01   8.3823145e-01
   4.1204152e-01   6.7718570e-01   8.3626298e-01
   4.0699731e-01   6.7374087e-01   8.3429450e-01
   4.0195309e-01   6.7029604e-01   8.3232603e-01
   3.9690888e-01   6.6685121e-01   8.3035755e-01
   3.9186467e-01   6.6340638e-01   8.2838908e-01
   3.8682045e-01   6.5996155e-01   8.2642061e-01
   3.8177624e-01   6.5651672e-01   8.2445213e-01
   3.7673203e-01   6.5307190e-01   8.2248366e-01
   3.7168781e-01   6.4962707e-01   8.2051519e-01
   3.6664360e-01   6.4618224e-01   8.1854671e-01
   3.6159938e-01   6.4273741e-01   8.1657824e-01
   3.5655517e-01   6.3929258e-01   8.1460977e-01
   3.5151096e-01   6.3584775e-01   8.1264129e-01
   3.4646674e-01   6.3240292e-01   8.1067282e-01
   3.4142253e-01   6.2895809e-01   8.0870434e-01
   3.3637832e-01   6.2551326e-01   8.0673587e-01
   3.3133410e-01   6.2206844e-01   8.0476740e-01
   3.2628989e-01   6.1862361e-01   8.0279892e-01
   3.2124567e-01   6.1517878e-01   8.0083045e-01
   3.1620146e-01   6.1173395e-01   7.9886198e-01
   3.1115725e-01   6.0828912e-01   7.9689350e-01
   3.0611303e-01   6.0484429e-01   7.9492503e-01
   3.0106882e-01   6.0139946e-01   7.9295656e-01
   2.9602461e-01   5.9795463e-01   7.9098808e-01
   2.9098039e-01   5.9450980e-01   7.8901961e-01
   2.8593618e-01   5.9106498e-01   7.8705113e-01
   2.8089196e-01   5.8762015e-01   7.8508266e-01
   2.7584775e-01   5.8417532e-01   7.8311419e-01
   2.7080354e-01   5.8073049e-01   7.8114571e-01
   2.6575932e-01   5.7728566e-01   7.7917724e-01
   2.6071511e-01   5.7384083e-01   7.7720877e-01
   2.5628604e-01   5.7001153e-01   7.7516340e-01
   2.5222607e-01   5.6595156e-01   7.7307190e-01
   2.4816609e-01   5.6189158e-01   7.7098039e-01
   2.4410611e-01   5.5783160e-01   7.6888889e-01
   2.4004614e-01   5.5377163e-01   7.6679739e-01
   2.3598616e-01   5.4971165e-01   7.6470588e-01
   2.3192618e-01   5.4565167e-01   7.6261438e-01
   2.2786621e-01   5.4159170e-01   7.6052288e-01
   2.2380623e-01   5.3753172e-01   7.5843137e-01
   2.1974625e-01   5.3347174e-01   7.5633987e-01
   2.1568627e-01   5.2941176e-01   7.5424837e-01
   2.1162630e-01   5.2535179e-01   7.5215686e-01
   2.0756632e-01   5.2129181e-01   7.5006536e-01
   2.0350634e-01   5.1723183e-01   7.4797386e-01
   1.9944637e-01   5.1317186e-01   7.4588235e-01
   1.9538639e-01   5.0911188e-01   7.4379085e-01
   1.9132641e-01   5.0505190e-01   7.4169935e-01
   1.8726644e-01   5.0099193e-01   7.3960784e-01
   1.8320646e-01   4.9693195e-01   7.3751634e-01
   1.7914648e-01   4.9287197e-01   7.3542484e-01
   1.7508651e-01   4.8881200e-01   7.3333333e-01
   1.7102653e-01   4.8475202e-01   7.3124183e-01
   1.6696655e-01   4.8069204e-01   7.2915033e-01
   1.6290657e-01   4.7663206e-01   7.2705882e-01
   1.5884660e-01   4.7257209e-01   7.2496732e-01
   1.5478662e-01   4.6851211e-01   7.2287582e-01
   1.5072664e-01   4.6445213e-01   7.2078431e-01
   1.4666667e-01   4.6039216e-01   7.1869281e-01
   1.4260669e-01   4.5633218e-01   7.1660131e-01
   1.3854671e-01   4.5227220e-01   7.1450980e-01
   1.3448674e-01   4.4821223e-01   7.1241830e-01
   1.3042676e-01   4.4415225e-01   7.1032680e-01
   1.2710496e-01   4.4018454e-01   7.0749712e-01
   1.2402922e-01   4.3624760e-01   7.0442138e-01
   1.2095348e-01   4.3231065e-01   7.0134564e-01
   1.1787774e-01   4.2837370e-01   6.9826990e-01
   1.1480200e-01   4.2443676e-01   6.9519416e-01
   1.1172626e-01   4.2049981e-01   6.9211842e-01
   1.0865052e-01   4.1656286e-01   6.8904268e-01
   1.0557478e-01   4.1262591e-01   6.8596694e-01
   1.0249904e-01   4.0868897e-01   6.8289120e-01
   9.9423299e-02   4.0475202e-01   6.7981546e-01
   9.6347559e-02   4.0081507e-01   6.7673972e-01
   9.3271819e-02   3.9687812e-01   6.7366398e-01
   9.0196078e-02   3.9294118e-01   6.7058824e-01
   8.7120338e-02   3.8900423e-01   6.6751250e-01
   8.4044598e-02   3.8506728e-01   6.6443676e-01
   8.0968858e-02   3.8113033e-01   6.6136101e-01
   7.7893118e-02   3.7719339e-01   6.5828527e-01
   7.4817378e-02   3.7325644e-01   6.5520953e-01
   7.1741638e-02   3.6931949e-01   6.5213379e-01
   6.8665898e-02   3.6538255e-01   6.4905805e-01
   6.5590158e-02   3.6144560e-01   6.4598231e-01
   6.2514418e-02   3.5750865e-01   6.4290657e-01
   5.9438677e-02   3.5357170e-01   6.3983083e-01
   5.6362937e-02   3.4963476e-01   6.3675509e-01
   5.3287197e-02   3.4569781e-01   6.3367935e-01
   5.0211457e-02   3.4176086e-01   6.3060361e-01
   4.7135717e-02   3.3782391e-01   6.2752787e-01
   4.4059977e-02   3.3388697e-01   6.2445213e-01
   4.0984237e-02   3.2995002e-01   6.2137639e-01
   3.7908497e-02   3.2601307e-01   6.1830065e-01
   3.4832757e-02   3.2207612e-01   6.1522491e-01
   3.1757017e-02   3.1813918e-01   6.1214917e-01
   3.1372549e-02   3.1409458e-01   6.0648981e-01
   3.1372549e-02   3.1003460e-01   6.0046136e-01
   3.1372549e-02   3.0597463e-01   5.9443291e-01
   3.1372549e-02   3.0191465e-01   5.8840446e-01
   3.1372549e-02   2.9785467e-01   5.8237601e-01
   3.1372549e-02   2.9379469e-01   5.7634756e-01
   3.1372549e-02   2.8973472e-01   5.7031911e-01
   3.1372549e-02   2.8567474e-01   5.6429066e-01
   3.1372549e-02   2.8161476e-01   5.5826221e-01
   3.1372549e-02   2.7755479e-01   5.5223376e-01
   3.1372549e-02   2.7349481e-01   5.4620531e-01
   3.1372549e-02   2.6943483e-01   5.4017686e-01
   3.1372549e-02   2.6537486e-01   5.3414840e-01
   3.1372549e-02   2.6131488e-01   5.2811995e-01
   3.1372549e-02   2.5725490e-01   5.2209150e-01
   3.1372549e-02   2.5319493e-01   5.1606305e-01
   3.1372549e-02   2.4913495e-01   5.1003460e-01
   3.1372549e-02   2.4507497e-01   5.0400615e-01
   3.1372549e-02   2.4101499e-01   4.9797770e-01
   3.1372549e-02   2.3695502e-01   4.9194925e-01
   3.1372549e-02   2.3289504e-01   4.8592080e-01
   3.1372549e-02   2.2883506e-01   4.7989235e-01
   3.1372549e-02   2.2477509e-01   4.7386390e-01
   3.1372549e-02   2.2071511e-01   4.6783545e-01
   3.1372549e-02   2.1665513e-01   4.6180700e-01
   3.1372549e-02   2.1259516e-01   4.5577855e-01
   3.1372549e-02   2.0853518e-01   4.4975010e-01
   3.1372549e-02   2.0447520e-01   4.4372165e-01
   3.1372549e-02   2.0041522e-01   4.3769319e-01
   3.1372549e-02   1.9635525e-01   4.3166474e-01
   3.1372549e-02   1.9229527e-01   4.2563629e-01
   3.1372549e-02   1.8823529e-01   4.1960784e-01
