   0.0000000e+00   0.0000000e+00   0.0000000e+00
   3.4313725e-03   3.4313712e-03   4.7740835e-03
   6.8627451e-03   6.8627424e-03   9.5481671e-03
   1.0294118e-02   1.0294114e-02   1.4322251e-02
   1.3725490e-02   1.3725485e-02   1.9096334e-02
   1.7156863e-02   1.7156856e-02   2.3870418e-02
   2.0588235e-02   2.0588227e-02   2.8644501e-02
   2.4019608e-02   2.4019598e-02   3.3418585e-02
   2.7450980e-02   2.7450970e-02   3.8192668e-02
   3.0882353e-02   3.0882341e-02   4.2966752e-02
   3.4313725e-02   3.4313712e-02   4.7740835e-02
   3.7745098e-02   3.7745083e-02   5.2514919e-02
   4.1176471e-02   4.1176454e-02   5.7289003e-02
   4.4607843e-02   4.4607826e-02   6.2063086e-02
   4.8039216e-02   4.8039197e-02   6.6837170e-02
   5.1470588e-02   5.1470568e-02   7.1611253e-02
   5.4901961e-02   5.4901939e-02   7.6385337e-02
   5.8333333e-02   5.8333311e-02   8.1159420e-02
   6.1764706e-02   6.1764682e-02   8.5933504e-02
   6.5196078e-02   6.5196053e-02   9.0707587e-02
   6.8627451e-02   6.8627424e-02   9.5481671e-02
   7.2058824e-02   7.2058795e-02   1.0025575e-01
   7.5490196e-02   7.5490167e-02   1.0502984e-01
   7.8921569e-02   7.8921538e-02   1.0980392e-01
   8.2352941e-02   8.2352909e-02   1.1457801e-01
   8.5784314e-02   8.5784280e-02   1.1935209e-01
   8.9215686e-02   8.9215651e-02   1.2412617e-01
   9.2647059e-02   9.2647023e-02   1.2890026e-01
   9.6078431e-02   9.6078394e-02   1.3367434e-01
   9.9509804e-02   9.9509765e-02   1.3844842e-01
   1.0294118e-01   1.0294114e-01   1.4322251e-01
   1.0637255e-01   1.0637251e-01   1.4799659e-01
   1.0980392e-01   1.0980388e-01   1.5277067e-01
   1.1323529e-01   1.1323525e-01   1.5754476e-01
   1.1666667e-01   1.1666662e-01   1.6231884e-01
   1.2009804e-01   1.2009799e-01   1.6709292e-01
   1.2352941e-01   1.2352936e-01   1.7186701e-01
   1.2696078e-01   1.2696073e-01   1.7664109e-01
   1.3039216e-01   1.3039211e-01   1.8141517e-01
   1.3382353e-01   1.3382348e-01   1.8618926e-01
   1.3725490e-01   1.3725485e-01   1.9096334e-01
   1.4068627e-01   1.4068622e-01   1.9573743e-01
   1.4411765e-01   1.4411759e-01   2.0051151e-01
   1.4754902e-01   1.4754896e-01   2.0528559e-01
   1.5098039e-01   1.5098033e-01   2.1005968e-01
   1.5441176e-01   1.5441170e-01   2.1483376e-01
   1.5784314e-01   1.5784308e-01   2.1960784e-01
   1.6127451e-01   1.6127445e-01   2.2438193e-01
   1.6470588e-01   1.6470582e-01   2.2915601e-01
   1.6813725e-01   1.6813719e-01   2.3393009e-01
   1.7156863e-01   1.7156856e-01   2.3870418e-01
   1.7500000e-01   1.7499993e-01   2.4347826e-01
   1.7843137e-01   1.7843130e-01   2.4825234e-01
   1.8186275e-01   1.8186267e-01   2.5302643e-01
   1.8529412e-01   1.8529405e-01   2.5780051e-01
   1.8872549e-01   1.8872542e-01   2.6257460e-01
   1.9215686e-01   1.9215679e-01   2.6734868e-01
   1.9558824e-01   1.9558816e-01   2.7212276e-01
   1.9901961e-01   1.9901953e-01   2.7689685e-01
   2.0245098e-01   2.0245090e-01   2.8167093e-01
   2.0588235e-01   2.0588227e-01   2.8644501e-01
   2.0931373e-01   2.0931364e-01   2.9121910e-01
   2.1274510e-01   2.1274501e-01   2.9599318e-01
   2.1617647e-01   2.1617639e-01   3.0076726e-01
   2.1960784e-01   2.1960776e-01   3.0554135e-01
   2.2303922e-01   2.2303913e-01   3.1031543e-01
   2.2647059e-01   2.2647050e-01   3.1508951e-01
   2.2990196e-01   2.2990187e-01   3.1986360e-01
   2.3333333e-01   2.3333324e-01   3.2463768e-01
   2.3676471e-01   2.3676461e-01   3.2941176e-01
   2.4019608e-01   2.4019598e-01   3.3418585e-01
   2.4362745e-01   2.4362736e-01   3.3895993e-01
   2.4705882e-01   2.4705873e-01   3.4373402e-01
   2.5049020e-01   2.5049010e-01   3.4850810e-01
   2.5392157e-01   2.5392147e-01   3.5328218e-01
   2.5735294e-01   2.5735284e-01   3.5805627e-01
   2.6078431e-01   2.6078421e-01   3.6283035e-01
   2.6421569e-01   2.6421558e-01   3.6760443e-01
   2.6764706e-01   2.6764695e-01   3.7237852e-01
   2.7107843e-01   2.7107833e-01   3.7715260e-01
   2.7450980e-01   2.7450970e-01   3.8192668e-01
   2.7794118e-01   2.7794107e-01   3.8670077e-01
   2.8137255e-01   2.8137244e-01   3.9147485e-01
   2.8480392e-01   2.8480381e-01   3.9624893e-01
   2.8823529e-01   2.8823518e-01   4.0102302e-01
   2.9166667e-01   2.9166655e-01   4.0579710e-01
   2.9509804e-01   2.9509792e-01   4.1057118e-01
   2.9852941e-01   2.9852929e-01   4.1534527e-01
   3.0196078e-01   3.0196067e-01   4.2011935e-01
   3.0539216e-01   3.0539204e-01   4.2489344e-01
   3.0882353e-01   3.0882341e-01   4.2966752e-01
   3.1225490e-01   3.1225478e-01   4.3444160e-01
   3.1568627e-01   3.1568615e-01   4.3921569e-01
   3.1911765e-01   3.1911752e-01   4.4398977e-01
   3.2254902e-01   3.2371323e-01   4.4754890e-01
   3.2598039e-01   3.2843137e-01   4.5098027e-01
   3.2941176e-01   3.3314950e-01   4.5441164e-01
   3.3284314e-01   3.3786764e-01   4.5784302e-01
   3.3627451e-01   3.4258578e-01   4.6127439e-01
   3.3970588e-01   3.4730391e-01   4.6470576e-01
   3.4313725e-01   3.5202205e-01   4.6813714e-01
   3.4656863e-01   3.5674018e-01   4.7156851e-01
   3.5000000e-01   3.6145832e-01   4.7499988e-01
   3.5343137e-01   3.6617646e-01   4.7843126e-01
   3.5686275e-01   3.7089459e-01   4.8186263e-01
   3.6029412e-01   3.7561273e-01   4.8529400e-01
   3.6372549e-01   3.8033087e-01   4.8872538e-01
   3.6715686e-01   3.8504900e-01   4.9215675e-01
   3.7058824e-01   3.8976714e-01   4.9558812e-01
   3.7401961e-01   3.9448528e-01   4.9901950e-01
   3.7745098e-01   3.9920341e-01   5.0245087e-01
   3.8088235e-01   4.0392155e-01   5.0588224e-01
   3.8431373e-01   4.0863969e-01   5.0931362e-01
   3.8774510e-01   4.1335782e-01   5.1274499e-01
   3.9117647e-01   4.1807596e-01   5.1617636e-01
   3.9460784e-01   4.2279409e-01   5.1960774e-01
   3.9803922e-01   4.2751223e-01   5.2303911e-01
   4.0147059e-01   4.3223037e-01   5.2647048e-01
   4.0490196e-01   4.3694850e-01   5.2990186e-01
   4.0833333e-01   4.4166664e-01   5.3333323e-01
   4.1176471e-01   4.4638478e-01   5.3676460e-01
   4.1519608e-01   4.5110291e-01   5.4019597e-01
   4.1862745e-01   4.5582105e-01   5.4362735e-01
   4.2205882e-01   4.6053919e-01   5.4705872e-01
   4.2549020e-01   4.6525732e-01   5.5049009e-01
   4.2892157e-01   4.6997546e-01   5.5392147e-01
   4.3235294e-01   4.7469360e-01   5.5735284e-01
   4.3578431e-01   4.7941173e-01   5.6078421e-01
   4.3921569e-01   4.8412987e-01   5.6421559e-01
   4.4264706e-01   4.8884801e-01   5.6764696e-01
   4.4607843e-01   4.9356614e-01   5.7107833e-01
   4.4950980e-01   4.9828428e-01   5.7450971e-01
   4.5294118e-01   5.0300241e-01   5.7794108e-01
   4.5637255e-01   5.0772055e-01   5.8137245e-01
   4.5980392e-01   5.1243869e-01   5.8480383e-01
   4.6323529e-01   5.1715682e-01   5.8823520e-01
   4.6666667e-01   5.2187496e-01   5.9166657e-01
   4.7009804e-01   5.2659310e-01   5.9509795e-01
   4.7352941e-01   5.3131123e-01   5.9852932e-01
   4.7696078e-01   5.3602937e-01   6.0196069e-01
   4.8039216e-01   5.4074751e-01   6.0539207e-01
   4.8382353e-01   5.4546564e-01   6.0882344e-01
   4.8725490e-01   5.5018378e-01   6.1225481e-01
   4.9068627e-01   5.5490192e-01   6.1568619e-01
   4.9411765e-01   5.5962005e-01   6.1911756e-01
   4.9754902e-01   5.6433819e-01   6.2254893e-01
   5.0098039e-01   5.6905632e-01   6.2598031e-01
   5.0441176e-01   5.7377446e-01   6.2941168e-01
   5.0784314e-01   5.7849260e-01   6.3284305e-01
   5.1127451e-01   5.8321073e-01   6.3627443e-01
   5.1470588e-01   5.8792887e-01   6.3970580e-01
   5.1813725e-01   5.9264701e-01   6.4313717e-01
   5.2156863e-01   5.9736514e-01   6.4656855e-01
   5.2500000e-01   6.0208328e-01   6.4999992e-01
   5.2843137e-01   6.0680142e-01   6.5343129e-01
   5.3186275e-01   6.1151955e-01   6.5686267e-01
   5.3529412e-01   6.1623769e-01   6.6029404e-01
   5.3872549e-01   6.2095583e-01   6.6372541e-01
   5.4215686e-01   6.2567396e-01   6.6715679e-01
   5.4558824e-01   6.3039210e-01   6.7058816e-01
   5.4901961e-01   6.3511024e-01   6.7401953e-01
   5.5245098e-01   6.3982837e-01   6.7745091e-01
   5.5588235e-01   6.4454651e-01   6.8088228e-01
   5.5931373e-01   6.4926464e-01   6.8431365e-01
   5.6274510e-01   6.5398278e-01   6.8774503e-01
   5.6617647e-01   6.5870092e-01   6.9117640e-01
   5.6960784e-01   6.6341905e-01   6.9460777e-01
   5.7303922e-01   6.6813719e-01   6.9803915e-01
   5.7647059e-01   6.7285533e-01   7.0147052e-01
   5.7990196e-01   6.7757346e-01   7.0490189e-01
   5.8333333e-01   6.8229160e-01   7.0833327e-01
   5.8676471e-01   6.8700974e-01   7.1176464e-01
   5.9019608e-01   6.9172787e-01   7.1519601e-01
   5.9362745e-01   6.9644601e-01   7.1862739e-01
   5.9705882e-01   7.0116415e-01   7.2205876e-01
   6.0049020e-01   7.0588228e-01   7.2549013e-01
   6.0392157e-01   7.1060042e-01   7.2892151e-01
   6.0735294e-01   7.1531855e-01   7.3235288e-01
   6.1078431e-01   7.2003669e-01   7.3578425e-01
   6.1421569e-01   7.2475483e-01   7.3921563e-01
   6.1764706e-01   7.2947296e-01   7.4264700e-01
   6.2107843e-01   7.3419110e-01   7.4607837e-01
   6.2450980e-01   7.3890924e-01   7.4950975e-01
   6.2794118e-01   7.4362737e-01   7.5294112e-01
   6.3137255e-01   7.4834551e-01   7.5637249e-01
   6.3480392e-01   7.5306365e-01   7.5980387e-01
   6.3823529e-01   7.5778178e-01   7.6323524e-01
   6.4166667e-01   7.6249992e-01   7.6666661e-01
   6.4509804e-01   7.6721806e-01   7.7009799e-01
   6.4852941e-01   7.7193619e-01   7.7352936e-01
   6.5196078e-01   7.7665433e-01   7.7696073e-01
   6.5686262e-01   7.8039216e-01   7.8039211e-01
   6.6222414e-01   7.8382353e-01   7.8382348e-01
   6.6758566e-01   7.8725490e-01   7.8725485e-01
   6.7294719e-01   7.9068627e-01   7.9068623e-01
   6.7830871e-01   7.9411765e-01   7.9411760e-01
   6.8367023e-01   7.9754902e-01   7.9754897e-01
   6.8903175e-01   8.0098039e-01   8.0098035e-01
   6.9439327e-01   8.0441176e-01   8.0441172e-01
   6.9975479e-01   8.0784314e-01   8.0784309e-01
   7.0511632e-01   8.1127451e-01   8.1127447e-01
   7.1047784e-01   8.1470588e-01   8.1470584e-01
   7.1583936e-01   8.1813725e-01   8.1813721e-01
   7.2120088e-01   8.2156863e-01   8.2156859e-01
   7.2656240e-01   8.2500000e-01   8.2499996e-01
   7.3192392e-01   8.2843137e-01   8.2843133e-01
   7.3728544e-01   8.3186275e-01   8.3186271e-01
   7.4264697e-01   8.3529412e-01   8.3529408e-01
   7.4800849e-01   8.3872549e-01   8.3872545e-01
   7.5337001e-01   8.4215686e-01   8.4215683e-01
   7.5873153e-01   8.4558824e-01   8.4558820e-01
   7.6409305e-01   8.4901961e-01   8.4901957e-01
   7.6945457e-01   8.5245098e-01   8.5245095e-01
   7.7481610e-01   8.5588235e-01   8.5588232e-01
   7.8017762e-01   8.5931373e-01   8.5931369e-01
   7.8553914e-01   8.6274510e-01   8.6274507e-01
   7.9090066e-01   8.6617647e-01   8.6617644e-01
   7.9626218e-01   8.6960784e-01   8.6960781e-01
   8.0162370e-01   8.7303922e-01   8.7303919e-01
   8.0698522e-01   8.7647059e-01   8.7647056e-01
   8.1234675e-01   8.7990196e-01   8.7990193e-01
   8.1770827e-01   8.8333333e-01   8.8333331e-01
   8.2306979e-01   8.8676471e-01   8.8676468e-01
   8.2843131e-01   8.9019608e-01   8.9019605e-01
   8.3379283e-01   8.9362745e-01   8.9362743e-01
   8.3915435e-01   8.9705882e-01   8.9705880e-01
   8.4451588e-01   9.0049020e-01   9.0049017e-01
   8.4987740e-01   9.0392157e-01   9.0392155e-01
   8.5523892e-01   9.0735294e-01   9.0735292e-01
   8.6060044e-01   9.1078431e-01   9.1078429e-01
   8.6596196e-01   9.1421569e-01   9.1421567e-01
   8.7132348e-01   9.1764706e-01   9.1764704e-01
   8.7668500e-01   9.2107843e-01   9.2107841e-01
   8.8204653e-01   9.2450980e-01   9.2450979e-01
   8.8740805e-01   9.2794118e-01   9.2794116e-01
   8.9276957e-01   9.3137255e-01   9.3137253e-01
   8.9813109e-01   9.3480392e-01   9.3480391e-01
   9.0349261e-01   9.3823529e-01   9.3823528e-01
   9.0885413e-01   9.4166667e-01   9.4166665e-01
   9.1421566e-01   9.4509804e-01   9.4509803e-01
   9.1957718e-01   9.4852941e-01   9.4852940e-01
   9.2493870e-01   9.5196078e-01   9.5196077e-01
   9.3030022e-01   9.5539216e-01   9.5539215e-01
   9.3566174e-01   9.5882353e-01   9.5882352e-01
   9.4102326e-01   9.6225490e-01   9.6225489e-01
   9.4638478e-01   9.6568627e-01   9.6568627e-01
   9.5174631e-01   9.6911765e-01   9.6911764e-01
   9.5710783e-01   9.7254902e-01   9.7254901e-01
   9.6246935e-01   9.7598039e-01   9.7598039e-01
   9.6783087e-01   9.7941176e-01   9.7941176e-01
   9.7319239e-01   9.8284314e-01   9.8284313e-01
   9.7855391e-01   9.8627451e-01   9.8627451e-01
   9.8391544e-01   9.8970588e-01   9.8970588e-01
   9.8927696e-01   9.9313725e-01   9.9313725e-01
   9.9463848e-01   9.9656863e-01   9.9656863e-01
   1.0000000e+00   1.0000000e+00   1.0000000e+00
