   3.2941176e-01   1.8823529e-01   1.9607843e-02
   3.3802384e-01   1.9331027e-01   2.0376778e-02
   3.4663591e-01   1.9838524e-01   2.1145713e-02
   3.5524798e-01   2.0346021e-01   2.1914648e-02
   3.6386005e-01   2.0853518e-01   2.2683583e-02
   3.7247213e-01   2.1361015e-01   2.3452518e-02
   3.8108420e-01   2.1868512e-01   2.4221453e-02
   3.8969627e-01   2.2376009e-01   2.4990388e-02
   3.9830834e-01   2.2883506e-01   2.5759323e-02
   4.0692042e-01   2.3391003e-01   2.6528258e-02
   4.1553249e-01   2.3898501e-01   2.7297193e-02
   4.2414456e-01   2.4405998e-01   2.8066128e-02
   4.3275663e-01   2.4913495e-01   2.8835063e-02
   4.4136870e-01   2.5420992e-01   2.9603998e-02
   4.4998078e-01   2.5928489e-01   3.0372933e-02
   4.5859285e-01   2.6435986e-01   3.1141869e-02
   4.6720492e-01   2.6943483e-01   3.1910804e-02
   4.7581699e-01   2.7450980e-01   3.2679739e-02
   4.8442907e-01   2.7958478e-01   3.3448674e-02
   4.9304114e-01   2.8465975e-01   3.4217609e-02
   5.0165321e-01   2.8973472e-01   3.4986544e-02
   5.1026528e-01   2.9480969e-01   3.5755479e-02
   5.1887735e-01   2.9988466e-01   3.6524414e-02
   5.2748943e-01   3.0495963e-01   3.7293349e-02
   5.3610150e-01   3.1003460e-01   3.8062284e-02
   5.4471357e-01   3.1510957e-01   3.8831219e-02
   5.5294118e-01   3.2133795e-01   4.1906959e-02
   5.6078431e-01   3.2871972e-01   4.7289504e-02
   5.6862745e-01   3.3610150e-01   5.2672049e-02
   5.7647059e-01   3.4348328e-01   5.8054594e-02
   5.8431373e-01   3.5086505e-01   6.3437140e-02
   5.9215686e-01   3.5824683e-01   6.8819685e-02
   6.0000000e-01   3.6562860e-01   7.4202230e-02
   6.0784314e-01   3.7301038e-01   7.9584775e-02
   6.1568627e-01   3.8039216e-01   8.4967320e-02
   6.2352941e-01   3.8777393e-01   9.0349865e-02
   6.3137255e-01   3.9515571e-01   9.5732411e-02
   6.3921569e-01   4.0253749e-01   1.0111496e-01
   6.4705882e-01   4.0991926e-01   1.0649750e-01
   6.5490196e-01   4.1730104e-01   1.1188005e-01
   6.6274510e-01   4.2468281e-01   1.1726259e-01
   6.7058824e-01   4.3206459e-01   1.2264514e-01
   6.7843137e-01   4.3944637e-01   1.2802768e-01
   6.8627451e-01   4.4682814e-01   1.3341023e-01
   6.9411765e-01   4.5420992e-01   1.3879277e-01
   7.0196078e-01   4.6159170e-01   1.4417532e-01
   7.0980392e-01   4.6897347e-01   1.4955786e-01
   7.1764706e-01   4.7635525e-01   1.5494041e-01
   7.2549020e-01   4.8373702e-01   1.6032295e-01
   7.3333333e-01   4.9111880e-01   1.6570550e-01
   7.4117647e-01   4.9850058e-01   1.7108804e-01
   7.4901961e-01   5.0588235e-01   1.7647059e-01
   7.5394079e-01   5.1587851e-01   1.8877355e-01
   7.5886198e-01   5.2587466e-01   2.0107651e-01
   7.6378316e-01   5.3587082e-01   2.1337947e-01
   7.6870434e-01   5.4586697e-01   2.2568243e-01
   7.7362553e-01   5.5586313e-01   2.3798539e-01
   7.7854671e-01   5.6585928e-01   2.5028835e-01
   7.8346790e-01   5.7585544e-01   2.6259131e-01
   7.8838908e-01   5.8585160e-01   2.7489427e-01
   7.9331027e-01   5.9584775e-01   2.8719723e-01
   7.9823145e-01   6.0584391e-01   2.9950019e-01
   8.0315263e-01   6.1584006e-01   3.1180315e-01
   8.0807382e-01   6.2583622e-01   3.2410611e-01
   8.1299500e-01   6.3583237e-01   3.3640907e-01
   8.1791619e-01   6.4582853e-01   3.4871203e-01
   8.2283737e-01   6.5582468e-01   3.6101499e-01
   8.2775855e-01   6.6582084e-01   3.7331795e-01
   8.3267974e-01   6.7581699e-01   3.8562092e-01
   8.3760092e-01   6.8581315e-01   3.9792388e-01
   8.4252211e-01   6.9580930e-01   4.1022684e-01
   8.4744329e-01   7.0580546e-01   4.2252980e-01
   8.5236448e-01   7.1580161e-01   4.3483276e-01
   8.5728566e-01   7.2579777e-01   4.4713572e-01
   8.6220684e-01   7.3579393e-01   4.5943868e-01
   8.6712803e-01   7.4579008e-01   4.7174164e-01
   8.7204921e-01   7.5578624e-01   4.8404460e-01
   8.7627835e-01   7.6370627e-01   4.9557862e-01
   8.7981546e-01   7.6955017e-01   5.0634371e-01
   8.8335256e-01   7.7539408e-01   5.1710880e-01
   8.8688966e-01   7.8123799e-01   5.2787389e-01
   8.9042676e-01   7.8708189e-01   5.3863899e-01
   8.9396386e-01   7.9292580e-01   5.4940408e-01
   8.9750096e-01   7.9876970e-01   5.6016917e-01
   9.0103806e-01   8.0461361e-01   5.7093426e-01
   9.0457516e-01   8.1045752e-01   5.8169935e-01
   9.0811226e-01   8.1630142e-01   5.9246444e-01
   9.1164937e-01   8.2214533e-01   6.0322953e-01
   9.1518647e-01   8.2798923e-01   6.1399462e-01
   9.1872357e-01   8.3383314e-01   6.2475971e-01
   9.2226067e-01   8.3967705e-01   6.3552480e-01
   9.2579777e-01   8.4552095e-01   6.4628989e-01
   9.2933487e-01   8.5136486e-01   6.5705498e-01
   9.3287197e-01   8.5720877e-01   6.6782007e-01
   9.3640907e-01   8.6305267e-01   6.7858516e-01
   9.3994617e-01   8.6889658e-01   6.8935025e-01
   9.4348328e-01   8.7474048e-01   7.0011534e-01
   9.4702038e-01   8.8058439e-01   7.1088043e-01
   9.5055748e-01   8.8642830e-01   7.2164552e-01
   9.5409458e-01   8.9227220e-01   7.3241061e-01
   9.5763168e-01   8.9811611e-01   7.4317570e-01
   9.6116878e-01   9.0396002e-01   7.5394079e-01
   9.6470588e-01   9.0980392e-01   7.6470588e-01
   9.6455210e-01   9.1180315e-01   7.7239523e-01
   9.6439831e-01   9.1380238e-01   7.8008458e-01
   9.6424452e-01   9.1580161e-01   7.8777393e-01
   9.6409073e-01   9.1780085e-01   7.9546328e-01
   9.6393695e-01   9.1980008e-01   8.0315263e-01
   9.6378316e-01   9.2179931e-01   8.1084198e-01
   9.6362937e-01   9.2379854e-01   8.1853133e-01
   9.6347559e-01   9.2579777e-01   8.2622068e-01
   9.6332180e-01   9.2779700e-01   8.3391003e-01
   9.6316801e-01   9.2979623e-01   8.4159938e-01
   9.6301423e-01   9.3179546e-01   8.4928874e-01
   9.6286044e-01   9.3379469e-01   8.5697809e-01
   9.6270665e-01   9.3579393e-01   8.6466744e-01
   9.6255286e-01   9.3779316e-01   8.7235679e-01
   9.6239908e-01   9.3979239e-01   8.8004614e-01
   9.6224529e-01   9.4179162e-01   8.8773549e-01
   9.6209150e-01   9.4379085e-01   8.9542484e-01
   9.6193772e-01   9.4579008e-01   9.0311419e-01
   9.6178393e-01   9.4778931e-01   9.1080354e-01
   9.6163014e-01   9.4978854e-01   9.1849289e-01
   9.6147636e-01   9.5178777e-01   9.2618224e-01
   9.6132257e-01   9.5378700e-01   9.3387159e-01
   9.6116878e-01   9.5578624e-01   9.4156094e-01
   9.6101499e-01   9.5778547e-01   9.4925029e-01
   9.6086121e-01   9.5978470e-01   9.5693964e-01
   9.5724721e-01   9.5993849e-01   9.5955402e-01
   9.5017301e-01   9.5824683e-01   9.5709343e-01
   9.4309881e-01   9.5655517e-01   9.5463283e-01
   9.3602461e-01   9.5486351e-01   9.5217224e-01
   9.2895040e-01   9.5317186e-01   9.4971165e-01
   9.2187620e-01   9.5148020e-01   9.4725106e-01
   9.1480200e-01   9.4978854e-01   9.4479047e-01
   9.0772780e-01   9.4809689e-01   9.4232987e-01
   9.0065359e-01   9.4640523e-01   9.3986928e-01
   8.9357939e-01   9.4471357e-01   9.3740869e-01
   8.8650519e-01   9.4302191e-01   9.3494810e-01
   8.7943099e-01   9.4133026e-01   9.3248750e-01
   8.7235679e-01   9.3963860e-01   9.3002691e-01
   8.6528258e-01   9.3794694e-01   9.2756632e-01
   8.5820838e-01   9.3625529e-01   9.2510573e-01
   8.5113418e-01   9.3456363e-01   9.2264514e-01
   8.4405998e-01   9.3287197e-01   9.2018454e-01
   8.3698577e-01   9.3118032e-01   9.1772395e-01
   8.2991157e-01   9.2948866e-01   9.1526336e-01
   8.2283737e-01   9.2779700e-01   9.1280277e-01
   8.1576317e-01   9.2610534e-01   9.1034218e-01
   8.0868897e-01   9.2441369e-01   9.0788158e-01
   8.0161476e-01   9.2272203e-01   9.0542099e-01
   7.9454056e-01   9.2103037e-01   9.0296040e-01
   7.8746636e-01   9.1933872e-01   9.0049981e-01
   7.8039216e-01   9.1764706e-01   8.9803922e-01
   7.6947328e-01   9.1318724e-01   8.9250288e-01
   7.5855440e-01   9.0872741e-01   8.8696655e-01
   7.4763552e-01   9.0426759e-01   8.8143022e-01
   7.3671665e-01   8.9980777e-01   8.7589389e-01
   7.2579777e-01   8.9534794e-01   8.7035755e-01
   7.1487889e-01   8.9088812e-01   8.6482122e-01
   7.0396002e-01   8.8642830e-01   8.5928489e-01
   6.9304114e-01   8.8196847e-01   8.5374856e-01
   6.8212226e-01   8.7750865e-01   8.4821223e-01
   6.7120338e-01   8.7304883e-01   8.4267589e-01
   6.6028451e-01   8.6858900e-01   8.3713956e-01
   6.4936563e-01   8.6412918e-01   8.3160323e-01
   6.3844675e-01   8.5966936e-01   8.2606690e-01
   6.2752787e-01   8.5520953e-01   8.2053057e-01
   6.1660900e-01   8.5074971e-01   8.1499423e-01
   6.0569012e-01   8.4628989e-01   8.0945790e-01
   5.9477124e-01   8.4183007e-01   8.0392157e-01
   5.8385236e-01   8.3737024e-01   7.9838524e-01
   5.7293349e-01   8.3291042e-01   7.9284890e-01
   5.6201461e-01   8.2845060e-01   7.8731257e-01
   5.5109573e-01   8.2399077e-01   7.8177624e-01
   5.4017686e-01   8.1953095e-01   7.7623991e-01
   5.2925798e-01   8.1507113e-01   7.7070358e-01
   5.1833910e-01   8.1061130e-01   7.6516724e-01
   5.0742022e-01   8.0615148e-01   7.5963091e-01
   4.9619377e-01   7.9976932e-01   7.5301807e-01
   4.8465975e-01   7.9146482e-01   7.4532872e-01
   4.7312572e-01   7.8316032e-01   7.3763937e-01
   4.6159170e-01   7.7485582e-01   7.2995002e-01
   4.5005767e-01   7.6655133e-01   7.2226067e-01
   4.3852364e-01   7.5824683e-01   7.1457132e-01
   4.2698962e-01   7.4994233e-01   7.0688197e-01
   4.1545559e-01   7.4163783e-01   6.9919262e-01
   4.0392157e-01   7.3333333e-01   6.9150327e-01
   3.9238754e-01   7.2502884e-01   6.8381392e-01
   3.8085352e-01   7.1672434e-01   6.7612457e-01
   3.6931949e-01   7.0841984e-01   6.6843522e-01
   3.5778547e-01   7.0011534e-01   6.6074587e-01
   3.4625144e-01   6.9181084e-01   6.5305652e-01
   3.3471742e-01   6.8350634e-01   6.4536717e-01
   3.2318339e-01   6.7520185e-01   6.3767782e-01
   3.1164937e-01   6.6689735e-01   6.2998847e-01
   3.0011534e-01   6.5859285e-01   6.2229912e-01
   2.8858131e-01   6.5028835e-01   6.1460977e-01
   2.7704729e-01   6.4198385e-01   6.0692042e-01
   2.6551326e-01   6.3367935e-01   5.9923106e-01
   2.5397924e-01   6.2537486e-01   5.9154171e-01
   2.4244521e-01   6.1707036e-01   5.8385236e-01
   2.3091119e-01   6.0876586e-01   5.7616301e-01
   2.1937716e-01   6.0046136e-01   5.6847366e-01
   2.0784314e-01   5.9215686e-01   5.6078431e-01
   1.9984621e-01   5.8462130e-01   5.5324875e-01
   1.9184929e-01   5.7708574e-01   5.4571319e-01
   1.8385236e-01   5.6955017e-01   5.3817762e-01
   1.7585544e-01   5.6201461e-01   5.3064206e-01
   1.6785852e-01   5.5447905e-01   5.2310650e-01
   1.5986159e-01   5.4694348e-01   5.1557093e-01
   1.5186467e-01   5.3940792e-01   5.0803537e-01
   1.4386774e-01   5.3187236e-01   5.0049981e-01
   1.3587082e-01   5.2433679e-01   4.9296424e-01
   1.2787389e-01   5.1680123e-01   4.8542868e-01
   1.1987697e-01   5.0926567e-01   4.7789312e-01
   1.1188005e-01   5.0173010e-01   4.7035755e-01
   1.0388312e-01   4.9419454e-01   4.6282199e-01
   9.5886198e-02   4.8665898e-01   4.5528643e-01
   8.7889273e-02   4.7912341e-01   4.4775087e-01
   7.9892349e-02   4.7158785e-01   4.4021530e-01
   7.1895425e-02   4.6405229e-01   4.3267974e-01
   6.3898501e-02   4.5651672e-01   4.2514418e-01
   5.5901576e-02   4.4898116e-01   4.1760861e-01
   4.7904652e-02   4.4144560e-01   4.1007305e-01
   3.9907728e-02   4.3391003e-01   4.0253749e-01
   3.1910804e-02   4.2637447e-01   3.9500192e-01
   2.3913879e-02   4.1883891e-01   3.8746636e-01
   1.5916955e-02   4.1130334e-01   3.7993080e-01
   7.9200308e-03   4.0376778e-01   3.7239523e-01
   3.8446751e-03   3.9677047e-01   3.6509035e-01
   3.6908881e-03   3.9031142e-01   3.5801615e-01
   3.5371011e-03   3.8385236e-01   3.5094195e-01
   3.3833141e-03   3.7739331e-01   3.4386774e-01
   3.2295271e-03   3.7093426e-01   3.3679354e-01
   3.0757401e-03   3.6447520e-01   3.2971934e-01
   2.9219531e-03   3.5801615e-01   3.2264514e-01
   2.7681661e-03   3.5155709e-01   3.1557093e-01
   2.6143791e-03   3.4509804e-01   3.0849673e-01
   2.4605921e-03   3.3863899e-01   3.0142253e-01
   2.3068051e-03   3.3217993e-01   2.9434833e-01
   2.1530181e-03   3.2572088e-01   2.8727413e-01
   1.9992311e-03   3.1926182e-01   2.8019992e-01
   1.8454441e-03   3.1280277e-01   2.7312572e-01
   1.6916571e-03   3.0634371e-01   2.6605152e-01
   1.5378700e-03   2.9988466e-01   2.5897732e-01
   1.3840830e-03   2.9342561e-01   2.5190311e-01
   1.2302960e-03   2.8696655e-01   2.4482891e-01
   1.0765090e-03   2.8050750e-01   2.3775471e-01
   9.2272203e-04   2.7404844e-01   2.3068051e-01
   7.6893502e-04   2.6758939e-01   2.2360631e-01
   6.1514802e-04   2.6113033e-01   2.1653210e-01
   4.6136101e-04   2.5467128e-01   2.0945790e-01
   3.0757401e-04   2.4821223e-01   2.0238370e-01
   1.5378700e-04   2.4175317e-01   1.9530950e-01
   0.0000000e+00   2.3529412e-01   1.8823529e-01
