   9.6862745e-01   9.8823529e-01   9.9215686e-01
   9.6641292e-01   9.8737409e-01   9.9166474e-01
   9.6419839e-01   9.8651288e-01   9.9117263e-01
   9.6198385e-01   9.8565167e-01   9.9068051e-01
   9.5976932e-01   9.8479047e-01   9.9018839e-01
   9.5755479e-01   9.8392926e-01   9.8969627e-01
   9.5534025e-01   9.8306805e-01   9.8920415e-01
   9.5312572e-01   9.8220684e-01   9.8871203e-01
   9.5091119e-01   9.8134564e-01   9.8821992e-01
   9.4869666e-01   9.8048443e-01   9.8772780e-01
   9.4648212e-01   9.7962322e-01   9.8723568e-01
   9.4426759e-01   9.7876201e-01   9.8674356e-01
   9.4205306e-01   9.7790081e-01   9.8625144e-01
   9.3983852e-01   9.7703960e-01   9.8575932e-01
   9.3762399e-01   9.7617839e-01   9.8526720e-01
   9.3540946e-01   9.7531719e-01   9.8477509e-01
   9.3319493e-01   9.7445598e-01   9.8428297e-01
   9.3098039e-01   9.7359477e-01   9.8379085e-01
   9.2876586e-01   9.7273356e-01   9.8329873e-01
   9.2655133e-01   9.7187236e-01   9.8280661e-01
   9.2433679e-01   9.7101115e-01   9.8231449e-01
   9.2212226e-01   9.7014994e-01   9.8182238e-01
   9.1990773e-01   9.6928874e-01   9.8133026e-01
   9.1769319e-01   9.6842753e-01   9.8083814e-01
   9.1547866e-01   9.6756632e-01   9.8034602e-01
   9.1326413e-01   9.6670511e-01   9.7985390e-01
   9.1104960e-01   9.6584391e-01   9.7936178e-01
   9.0883506e-01   9.6498270e-01   9.7886967e-01
   9.0662053e-01   9.6412149e-01   9.7837755e-01
   9.0440600e-01   9.6326028e-01   9.7788543e-01
   9.0219146e-01   9.6239908e-01   9.7739331e-01
   8.9997693e-01   9.6153787e-01   9.7690119e-01
   8.9765475e-01   9.6064591e-01   9.7617839e-01
   8.9457901e-01   9.5953864e-01   9.7384083e-01
   8.9150327e-01   9.5843137e-01   9.7150327e-01
   8.8842753e-01   9.5732411e-01   9.6916571e-01
   8.8535179e-01   9.5621684e-01   9.6682814e-01
   8.8227605e-01   9.5510957e-01   9.6449058e-01
   8.7920031e-01   9.5400231e-01   9.6215302e-01
   8.7612457e-01   9.5289504e-01   9.5981546e-01
   8.7304883e-01   9.5178777e-01   9.5747789e-01
   8.6997309e-01   9.5068051e-01   9.5514033e-01
   8.6689735e-01   9.4957324e-01   9.5280277e-01
   8.6382161e-01   9.4846597e-01   9.5046521e-01
   8.6074587e-01   9.4735871e-01   9.4812764e-01
   8.5767013e-01   9.4625144e-01   9.4579008e-01
   8.5459439e-01   9.4514418e-01   9.4345252e-01
   8.5151865e-01   9.4403691e-01   9.4111496e-01
   8.4844291e-01   9.4292964e-01   9.3877739e-01
   8.4536717e-01   9.4182238e-01   9.3643983e-01
   8.4229143e-01   9.4071511e-01   9.3410227e-01
   8.3921569e-01   9.3960784e-01   9.3176471e-01
   8.3613995e-01   9.3850058e-01   9.2942714e-01
   8.3306421e-01   9.3739331e-01   9.2708958e-01
   8.2998847e-01   9.3628604e-01   9.2475202e-01
   8.2691273e-01   9.3517878e-01   9.2241446e-01
   8.2383699e-01   9.3407151e-01   9.2007689e-01
   8.2076125e-01   9.3296424e-01   9.1773933e-01
   8.1768551e-01   9.3185698e-01   9.1540177e-01
   8.1460977e-01   9.3074971e-01   9.1306421e-01
   8.1153403e-01   9.2964245e-01   9.1072664e-01
   8.0845829e-01   9.2853518e-01   9.0838908e-01
   8.0538255e-01   9.2742791e-01   9.0605152e-01
   8.0230681e-01   9.2632065e-01   9.0371396e-01
   7.9843137e-01   9.2487505e-01   9.0106882e-01
   7.9215686e-01   9.2241446e-01   8.9750096e-01
   7.8588235e-01   9.1995386e-01   8.9393310e-01
   7.7960784e-01   9.1749327e-01   8.9036524e-01
   7.7333333e-01   9.1503268e-01   8.8679739e-01
   7.6705882e-01   9.1257209e-01   8.8322953e-01
   7.6078431e-01   9.1011150e-01   8.7966167e-01
   7.5450980e-01   9.0765090e-01   8.7609381e-01
   7.4823529e-01   9.0519031e-01   8.7252595e-01
   7.4196078e-01   9.0272972e-01   8.6895809e-01
   7.3568627e-01   9.0026913e-01   8.6539023e-01
   7.2941176e-01   8.9780854e-01   8.6182238e-01
   7.2313725e-01   8.9534794e-01   8.5825452e-01
   7.1686275e-01   8.9288735e-01   8.5468666e-01
   7.1058824e-01   8.9042676e-01   8.5111880e-01
   7.0431373e-01   8.8796617e-01   8.4755094e-01
   6.9803922e-01   8.8550557e-01   8.4398308e-01
   6.9176471e-01   8.8304498e-01   8.4041522e-01
   6.8549020e-01   8.8058439e-01   8.3684737e-01
   6.7921569e-01   8.7812380e-01   8.3327951e-01
   6.7294118e-01   8.7566321e-01   8.2971165e-01
   6.6666667e-01   8.7320261e-01   8.2614379e-01
   6.6039216e-01   8.7074202e-01   8.2257593e-01
   6.5411765e-01   8.6828143e-01   8.1900807e-01
   6.4784314e-01   8.6582084e-01   8.1544022e-01
   6.4156863e-01   8.6336025e-01   8.1187236e-01
   6.3529412e-01   8.6089965e-01   8.0830450e-01
   6.2901961e-01   8.5843906e-01   8.0473664e-01
   6.2274510e-01   8.5597847e-01   8.0116878e-01
   6.1647059e-01   8.5351788e-01   7.9760092e-01
   6.1019608e-01   8.5105729e-01   7.9403306e-01
   6.0392157e-01   8.4859669e-01   7.9046521e-01
   5.9764706e-01   8.4604383e-01   7.8652826e-01
   5.9137255e-01   8.4333718e-01   7.8197616e-01
   5.8509804e-01   8.4063053e-01   7.7742407e-01
   5.7882353e-01   8.3792388e-01   7.7287197e-01
   5.7254902e-01   8.3521722e-01   7.6831988e-01
   5.6627451e-01   8.3251057e-01   7.6376778e-01
   5.6000000e-01   8.2980392e-01   7.5921569e-01
   5.5372549e-01   8.2709727e-01   7.5466359e-01
   5.4745098e-01   8.2439062e-01   7.5011150e-01
   5.4117647e-01   8.2168397e-01   7.4555940e-01
   5.3490196e-01   8.1897732e-01   7.4100730e-01
   5.2862745e-01   8.1627067e-01   7.3645521e-01
   5.2235294e-01   8.1356401e-01   7.3190311e-01
   5.1607843e-01   8.1085736e-01   7.2735102e-01
   5.0980392e-01   8.0815071e-01   7.2279892e-01
   5.0352941e-01   8.0544406e-01   7.1824683e-01
   4.9725490e-01   8.0273741e-01   7.1369473e-01
   4.9098039e-01   8.0003076e-01   7.0914264e-01
   4.8470588e-01   7.9732411e-01   7.0459054e-01
   4.7843137e-01   7.9461745e-01   7.0003845e-01
   4.7215686e-01   7.9191080e-01   6.9548635e-01
   4.6588235e-01   7.8920415e-01   6.9093426e-01
   4.5960784e-01   7.8649750e-01   6.8638216e-01
   4.5333333e-01   7.8379085e-01   6.8183007e-01
   4.4705882e-01   7.8108420e-01   6.7727797e-01
   4.4078431e-01   7.7837755e-01   6.7272587e-01
   4.3450980e-01   7.7567090e-01   6.6817378e-01
   4.2823529e-01   7.7296424e-01   6.6362168e-01
   4.2196078e-01   7.7025759e-01   6.5906959e-01
   4.1568627e-01   7.6755094e-01   6.5451749e-01
   4.0941176e-01   7.6484429e-01   6.4996540e-01
   4.0313725e-01   7.6213764e-01   6.4541330e-01
   3.9772395e-01   7.5955402e-01   6.4030757e-01
   3.9317186e-01   7.5709343e-01   6.3464821e-01
   3.8861976e-01   7.5463283e-01   6.2898885e-01
   3.8406767e-01   7.5217224e-01   6.2332949e-01
   3.7951557e-01   7.4971165e-01   6.1767013e-01
   3.7496348e-01   7.4725106e-01   6.1201077e-01
   3.7041138e-01   7.4479047e-01   6.0635140e-01
   3.6585928e-01   7.4232987e-01   6.0069204e-01
   3.6130719e-01   7.3986928e-01   5.9503268e-01
   3.5675509e-01   7.3740869e-01   5.8937332e-01
   3.5220300e-01   7.3494810e-01   5.8371396e-01
   3.4765090e-01   7.3248750e-01   5.7805459e-01
   3.4309881e-01   7.3002691e-01   5.7239523e-01
   3.3854671e-01   7.2756632e-01   5.6673587e-01
   3.3399462e-01   7.2510573e-01   5.6107651e-01
   3.2944252e-01   7.2264514e-01   5.5541715e-01
   3.2489043e-01   7.2018454e-01   5.4975779e-01
   3.2033833e-01   7.1772395e-01   5.4409842e-01
   3.1578624e-01   7.1526336e-01   5.3843906e-01
   3.1123414e-01   7.1280277e-01   5.3277970e-01
   3.0668205e-01   7.1034218e-01   5.2712034e-01
   3.0212995e-01   7.0788158e-01   5.2146098e-01
   2.9757785e-01   7.0542099e-01   5.1580161e-01
   2.9302576e-01   7.0296040e-01   5.1014225e-01
   2.8847366e-01   7.0049981e-01   5.0448289e-01
   2.8392157e-01   6.9803922e-01   4.9882353e-01
   2.7936947e-01   6.9557862e-01   4.9316417e-01
   2.7481738e-01   6.9311803e-01   4.8750481e-01
   2.7026528e-01   6.9065744e-01   4.8184544e-01
   2.6571319e-01   6.8819685e-01   4.7618608e-01
   2.6116109e-01   6.8573626e-01   4.7052672e-01
   2.5660900e-01   6.8327566e-01   4.6486736e-01
   2.5259516e-01   6.7966167e-01   4.5897732e-01
   2.4890427e-01   6.7535563e-01   4.5294887e-01
   2.4521338e-01   6.7104960e-01   4.4692042e-01
   2.4152249e-01   6.6674356e-01   4.4089196e-01
   2.3783160e-01   6.6243752e-01   4.3486351e-01
   2.3414072e-01   6.5813149e-01   4.2883506e-01
   2.3044983e-01   6.5382545e-01   4.2280661e-01
   2.2675894e-01   6.4951942e-01   4.1677816e-01
   2.2306805e-01   6.4521338e-01   4.1074971e-01
   2.1937716e-01   6.4090734e-01   4.0472126e-01
   2.1568627e-01   6.3660131e-01   3.9869281e-01
   2.1199539e-01   6.3229527e-01   3.9266436e-01
   2.0830450e-01   6.2798923e-01   3.8663591e-01
   2.0461361e-01   6.2368320e-01   3.8060746e-01
   2.0092272e-01   6.1937716e-01   3.7457901e-01
   1.9723183e-01   6.1507113e-01   3.6855056e-01
   1.9354095e-01   6.1076509e-01   3.6252211e-01
   1.8985006e-01   6.0645905e-01   3.5649366e-01
   1.8615917e-01   6.0215302e-01   3.5046521e-01
   1.8246828e-01   5.9784698e-01   3.4443676e-01
   1.7877739e-01   5.9354095e-01   3.3840830e-01
   1.7508651e-01   5.8923491e-01   3.3237985e-01
   1.7139562e-01   5.8492887e-01   3.2635140e-01
   1.6770473e-01   5.8062284e-01   3.2032295e-01
   1.6401384e-01   5.7631680e-01   3.1429450e-01
   1.6032295e-01   5.7201077e-01   3.0826605e-01
   1.5663206e-01   5.6770473e-01   3.0223760e-01
   1.5294118e-01   5.6339869e-01   2.9620915e-01
   1.4925029e-01   5.5909266e-01   2.9018070e-01
   1.4555940e-01   5.5478662e-01   2.8415225e-01
   1.4186851e-01   5.5048058e-01   2.7812380e-01
   1.3817762e-01   5.4617455e-01   2.7209535e-01
   1.3402537e-01   5.4232987e-01   2.6828143e-01
   1.2971934e-01   5.3863899e-01   2.6520569e-01
   1.2541330e-01   5.3494810e-01   2.6212995e-01
   1.2110727e-01   5.3125721e-01   2.5905421e-01
   1.1680123e-01   5.2756632e-01   2.5597847e-01
   1.1249519e-01   5.2387543e-01   2.5290273e-01
   1.0818916e-01   5.2018454e-01   2.4982699e-01
   1.0388312e-01   5.1649366e-01   2.4675125e-01
   9.9577086e-02   5.1280277e-01   2.4367551e-01
   9.5271050e-02   5.0911188e-01   2.4059977e-01
   9.0965013e-02   5.0542099e-01   2.3752403e-01
   8.6658977e-02   5.0173010e-01   2.3444829e-01
   8.2352941e-02   4.9803922e-01   2.3137255e-01
   7.8046905e-02   4.9434833e-01   2.2829681e-01
   7.3740869e-02   4.9065744e-01   2.2522107e-01
   6.9434833e-02   4.8696655e-01   2.2214533e-01
   6.5128797e-02   4.8327566e-01   2.1906959e-01
   6.0822760e-02   4.7958478e-01   2.1599385e-01
   5.6516724e-02   4.7589389e-01   2.1291811e-01
   5.2210688e-02   4.7220300e-01   2.0984237e-01
   4.7904652e-02   4.6851211e-01   2.0676663e-01
   4.3598616e-02   4.6482122e-01   2.0369089e-01
   3.9292580e-02   4.6113033e-01   2.0061515e-01
   3.4986544e-02   4.5743945e-01   1.9753941e-01
   3.0680507e-02   4.5374856e-01   1.9446367e-01
   2.6374471e-02   4.5005767e-01   1.9138793e-01
   2.2068435e-02   4.4636678e-01   1.8831219e-01
   1.7762399e-02   4.4267589e-01   1.8523645e-01
   1.3456363e-02   4.3898501e-01   1.8216071e-01
   9.1503268e-03   4.3529412e-01   1.7908497e-01
   4.8442907e-03   4.3160323e-01   1.7600923e-01
   5.3825452e-04   4.2791234e-01   1.7293349e-01
   0.0000000e+00   4.2303729e-01   1.7071895e-01
   0.0000000e+00   4.1799308e-01   1.6862745e-01
   0.0000000e+00   4.1294887e-01   1.6653595e-01
   0.0000000e+00   4.0790465e-01   1.6444444e-01
   0.0000000e+00   4.0286044e-01   1.6235294e-01
   0.0000000e+00   3.9781622e-01   1.6026144e-01
   0.0000000e+00   3.9277201e-01   1.5816993e-01
   0.0000000e+00   3.8772780e-01   1.5607843e-01
   0.0000000e+00   3.8268358e-01   1.5398693e-01
   0.0000000e+00   3.7763937e-01   1.5189542e-01
   0.0000000e+00   3.7259516e-01   1.4980392e-01
   0.0000000e+00   3.6755094e-01   1.4771242e-01
   0.0000000e+00   3.6250673e-01   1.4562092e-01
   0.0000000e+00   3.5746251e-01   1.4352941e-01
   0.0000000e+00   3.5241830e-01   1.4143791e-01
   0.0000000e+00   3.4737409e-01   1.3934641e-01
   0.0000000e+00   3.4232987e-01   1.3725490e-01
   0.0000000e+00   3.3728566e-01   1.3516340e-01
   0.0000000e+00   3.3224145e-01   1.3307190e-01
   0.0000000e+00   3.2719723e-01   1.3098039e-01
   0.0000000e+00   3.2215302e-01   1.2888889e-01
   0.0000000e+00   3.1710880e-01   1.2679739e-01
   0.0000000e+00   3.1206459e-01   1.2470588e-01
   0.0000000e+00   3.0702038e-01   1.2261438e-01
   0.0000000e+00   3.0197616e-01   1.2052288e-01
   0.0000000e+00   2.9693195e-01   1.1843137e-01
   0.0000000e+00   2.9188774e-01   1.1633987e-01
   0.0000000e+00   2.8684352e-01   1.1424837e-01
   0.0000000e+00   2.8179931e-01   1.1215686e-01
   0.0000000e+00   2.7675509e-01   1.1006536e-01
   0.0000000e+00   2.7171088e-01   1.0797386e-01
   0.0000000e+00   2.6666667e-01   1.0588235e-01
