   9.6862745e-01   9.8823529e-01   9.9215686e-01
   9.6579777e-01   9.8626682e-01   9.9104960e-01
   9.6296809e-01   9.8429835e-01   9.8994233e-01
   9.6013841e-01   9.8232987e-01   9.8883506e-01
   9.5730873e-01   9.8036140e-01   9.8772780e-01
   9.5447905e-01   9.7839293e-01   9.8662053e-01
   9.5164937e-01   9.7642445e-01   9.8551326e-01
   9.4881968e-01   9.7445598e-01   9.8440600e-01
   9.4599000e-01   9.7248750e-01   9.8329873e-01
   9.4316032e-01   9.7051903e-01   9.8219146e-01
   9.4033064e-01   9.6855056e-01   9.8108420e-01
   9.3750096e-01   9.6658208e-01   9.7997693e-01
   9.3467128e-01   9.6461361e-01   9.7886967e-01
   9.3184160e-01   9.6264514e-01   9.7776240e-01
   9.2901192e-01   9.6067666e-01   9.7665513e-01
   9.2618224e-01   9.5870819e-01   9.7554787e-01
   9.2335256e-01   9.5673972e-01   9.7444060e-01
   9.2052288e-01   9.5477124e-01   9.7333333e-01
   9.1769319e-01   9.5280277e-01   9.7222607e-01
   9.1486351e-01   9.5083429e-01   9.7111880e-01
   9.1203383e-01   9.4886582e-01   9.7001153e-01
   9.0920415e-01   9.4689735e-01   9.6890427e-01
   9.0637447e-01   9.4492887e-01   9.6779700e-01
   9.0354479e-01   9.4296040e-01   9.6668973e-01
   9.0071511e-01   9.4099193e-01   9.6558247e-01
   8.9788543e-01   9.3902345e-01   9.6447520e-01
   8.9505575e-01   9.3705498e-01   9.6336794e-01
   8.9222607e-01   9.3508651e-01   9.6226067e-01
   8.8939639e-01   9.3311803e-01   9.6115340e-01
   8.8656671e-01   9.3114956e-01   9.6004614e-01
   8.8373702e-01   9.2918108e-01   9.5893887e-01
   8.8090734e-01   9.2721261e-01   9.5783160e-01
   8.7792388e-01   9.2510573e-01   9.5664744e-01
   8.7386390e-01   9.2202999e-01   9.5492503e-01
   8.6980392e-01   9.1895425e-01   9.5320261e-01
   8.6574394e-01   9.1587851e-01   9.5148020e-01
   8.6168397e-01   9.1280277e-01   9.4975779e-01
   8.5762399e-01   9.0972703e-01   9.4803537e-01
   8.5356401e-01   9.0665129e-01   9.4631296e-01
   8.4950404e-01   9.0357555e-01   9.4459054e-01
   8.4544406e-01   9.0049981e-01   9.4286813e-01
   8.4138408e-01   8.9742407e-01   9.4114571e-01
   8.3732411e-01   8.9434833e-01   9.3942330e-01
   8.3326413e-01   8.9127259e-01   9.3770088e-01
   8.2920415e-01   8.8819685e-01   9.3597847e-01
   8.2514418e-01   8.8512111e-01   9.3425606e-01
   8.2108420e-01   8.8204537e-01   9.3253364e-01
   8.1702422e-01   8.7896963e-01   9.3081123e-01
   8.1296424e-01   8.7589389e-01   9.2908881e-01
   8.0890427e-01   8.7281815e-01   9.2736640e-01
   8.0484429e-01   8.6974241e-01   9.2564398e-01
   8.0078431e-01   8.6666667e-01   9.2392157e-01
   7.9672434e-01   8.6359093e-01   9.2219915e-01
   7.9266436e-01   8.6051519e-01   9.2047674e-01
   7.8860438e-01   8.5743945e-01   9.1875433e-01
   7.8454441e-01   8.5436371e-01   9.1703191e-01
   7.8048443e-01   8.5128797e-01   9.1530950e-01
   7.7642445e-01   8.4821223e-01   9.1358708e-01
   7.7236448e-01   8.4513649e-01   9.1186467e-01
   7.6830450e-01   8.4206075e-01   9.1014225e-01
   7.6424452e-01   8.3898501e-01   9.0841984e-01
   7.6018454e-01   8.3590927e-01   9.0669742e-01
   7.5612457e-01   8.3283353e-01   9.0497501e-01
   7.5206459e-01   8.2975779e-01   9.0325260e-01
   7.4800461e-01   8.2674356e-01   9.0159170e-01
   7.4394464e-01   8.2391388e-01   9.0011534e-01
   7.3988466e-01   8.2108420e-01   8.9863899e-01
   7.3582468e-01   8.1825452e-01   8.9716263e-01
   7.3176471e-01   8.1542484e-01   8.9568627e-01
   7.2770473e-01   8.1259516e-01   8.9420992e-01
   7.2364475e-01   8.0976547e-01   8.9273356e-01
   7.1958478e-01   8.0693579e-01   8.9125721e-01
   7.1552480e-01   8.0410611e-01   8.8978085e-01
   7.1146482e-01   8.0127643e-01   8.8830450e-01
   7.0740484e-01   7.9844675e-01   8.8682814e-01
   7.0334487e-01   7.9561707e-01   8.8535179e-01
   6.9928489e-01   7.9278739e-01   8.8387543e-01
   6.9522491e-01   7.8995771e-01   8.8239908e-01
   6.9116494e-01   7.8712803e-01   8.8092272e-01
   6.8710496e-01   7.8429835e-01   8.7944637e-01
   6.8304498e-01   7.8146867e-01   8.7797001e-01
   6.7898501e-01   7.7863899e-01   8.7649366e-01
   6.7492503e-01   7.7580930e-01   8.7501730e-01
   6.7086505e-01   7.7297962e-01   8.7354095e-01
   6.6680507e-01   7.7014994e-01   8.7206459e-01
   6.6274510e-01   7.6732026e-01   8.7058824e-01
   6.5868512e-01   7.6449058e-01   8.6911188e-01
   6.5462514e-01   7.6166090e-01   8.6763552e-01
   6.5056517e-01   7.5883122e-01   8.6615917e-01
   6.4650519e-01   7.5600154e-01   8.6468281e-01
   6.4244521e-01   7.5317186e-01   8.6320646e-01
   6.3838524e-01   7.5034218e-01   8.6173010e-01
   6.3432526e-01   7.4751250e-01   8.6025375e-01
   6.3026528e-01   7.4468281e-01   8.5877739e-01
   6.2620531e-01   7.4185313e-01   8.5730104e-01
   6.2214533e-01   7.3902345e-01   8.5582468e-01
   6.1877739e-01   7.3550173e-01   8.5397924e-01
   6.1656286e-01   7.3082661e-01   8.5151865e-01
   6.1434833e-01   7.2615148e-01   8.4905805e-01
   6.1213379e-01   7.2147636e-01   8.4659746e-01
   6.0991926e-01   7.1680123e-01   8.4413687e-01
   6.0770473e-01   7.1212611e-01   8.4167628e-01
   6.0549020e-01   7.0745098e-01   8.3921569e-01
   6.0327566e-01   7.0277586e-01   8.3675509e-01
   6.0106113e-01   6.9810073e-01   8.3429450e-01
   5.9884660e-01   6.9342561e-01   8.3183391e-01
   5.9663206e-01   6.8875048e-01   8.2937332e-01
   5.9441753e-01   6.8407536e-01   8.2691273e-01
   5.9220300e-01   6.7940023e-01   8.2445213e-01
   5.8998847e-01   6.7472511e-01   8.2199154e-01
   5.8777393e-01   6.7004998e-01   8.1953095e-01
   5.8555940e-01   6.6537486e-01   8.1707036e-01
   5.8334487e-01   6.6069973e-01   8.1460977e-01
   5.8113033e-01   6.5602461e-01   8.1214917e-01
   5.7891580e-01   6.5134948e-01   8.0968858e-01
   5.7670127e-01   6.4667436e-01   8.0722799e-01
   5.7448674e-01   6.4199923e-01   8.0476740e-01
   5.7227220e-01   6.3732411e-01   8.0230681e-01
   5.7005767e-01   6.3264898e-01   7.9984621e-01
   5.6784314e-01   6.2797386e-01   7.9738562e-01
   5.6562860e-01   6.2329873e-01   7.9492503e-01
   5.6341407e-01   6.1862361e-01   7.9246444e-01
   5.6119954e-01   6.1394848e-01   7.9000384e-01
   5.5898501e-01   6.0927336e-01   7.8754325e-01
   5.5677047e-01   6.0459823e-01   7.8508266e-01
   5.5455594e-01   5.9992311e-01   7.8262207e-01
   5.5234141e-01   5.9524798e-01   7.8016148e-01
   5.5012687e-01   5.9057286e-01   7.7770088e-01
   5.4901961e-01   5.8559016e-01   7.7517878e-01
   5.4901961e-01   5.8029988e-01   7.7259516e-01
   5.4901961e-01   5.7500961e-01   7.7001153e-01
   5.4901961e-01   5.6971934e-01   7.6742791e-01
   5.4901961e-01   5.6442907e-01   7.6484429e-01
   5.4901961e-01   5.5913879e-01   7.6226067e-01
   5.4901961e-01   5.5384852e-01   7.5967705e-01
   5.4901961e-01   5.4855825e-01   7.5709343e-01
   5.4901961e-01   5.4326797e-01   7.5450980e-01
   5.4901961e-01   5.3797770e-01   7.5192618e-01
   5.4901961e-01   5.3268743e-01   7.4934256e-01
   5.4901961e-01   5.2739715e-01   7.4675894e-01
   5.4901961e-01   5.2210688e-01   7.4417532e-01
   5.4901961e-01   5.1681661e-01   7.4159170e-01
   5.4901961e-01   5.1152634e-01   7.3900807e-01
   5.4901961e-01   5.0623606e-01   7.3642445e-01
   5.4901961e-01   5.0094579e-01   7.3384083e-01
   5.4901961e-01   4.9565552e-01   7.3125721e-01
   5.4901961e-01   4.9036524e-01   7.2867359e-01
   5.4901961e-01   4.8507497e-01   7.2608997e-01
   5.4901961e-01   4.7978470e-01   7.2350634e-01
   5.4901961e-01   4.7449443e-01   7.2092272e-01
   5.4901961e-01   4.6920415e-01   7.1833910e-01
   5.4901961e-01   4.6391388e-01   7.1575548e-01
   5.4901961e-01   4.5862361e-01   7.1317186e-01
   5.4901961e-01   4.5333333e-01   7.1058824e-01
   5.4901961e-01   4.4804306e-01   7.0800461e-01
   5.4901961e-01   4.4275279e-01   7.0542099e-01
   5.4901961e-01   4.3746251e-01   7.0283737e-01
   5.4901961e-01   4.3217224e-01   7.0025375e-01
   5.4901961e-01   4.2688197e-01   6.9767013e-01
   5.4901961e-01   4.2159170e-01   6.9508651e-01
   5.4871203e-01   4.1637832e-01   6.9257978e-01
   5.4821992e-01   4.1121107e-01   6.9011918e-01
   5.4772780e-01   4.0604383e-01   6.8765859e-01
   5.4723568e-01   4.0087659e-01   6.8519800e-01
   5.4674356e-01   3.9570934e-01   6.8273741e-01
   5.4625144e-01   3.9054210e-01   6.8027682e-01
   5.4575932e-01   3.8537486e-01   6.7781622e-01
   5.4526720e-01   3.8020761e-01   6.7535563e-01
   5.4477509e-01   3.7504037e-01   6.7289504e-01
   5.4428297e-01   3.6987313e-01   6.7043445e-01
   5.4379085e-01   3.6470588e-01   6.6797386e-01
   5.4329873e-01   3.5953864e-01   6.6551326e-01
   5.4280661e-01   3.5437140e-01   6.6305267e-01
   5.4231449e-01   3.4920415e-01   6.6059208e-01
   5.4182238e-01   3.4403691e-01   6.5813149e-01
   5.4133026e-01   3.3886967e-01   6.5567090e-01
   5.4083814e-01   3.3370242e-01   6.5321030e-01
   5.4034602e-01   3.2853518e-01   6.5074971e-01
   5.3985390e-01   3.2336794e-01   6.4828912e-01
   5.3936178e-01   3.1820069e-01   6.4582853e-01
   5.3886967e-01   3.1303345e-01   6.4336794e-01
   5.3837755e-01   3.0786621e-01   6.4090734e-01
   5.3788543e-01   3.0269896e-01   6.3844675e-01
   5.3739331e-01   2.9753172e-01   6.3598616e-01
   5.3690119e-01   2.9236448e-01   6.3352557e-01
   5.3640907e-01   2.8719723e-01   6.3106498e-01
   5.3591696e-01   2.8202999e-01   6.2860438e-01
   5.3542484e-01   2.7686275e-01   6.2614379e-01
   5.3493272e-01   2.7169550e-01   6.2368320e-01
   5.3444060e-01   2.6652826e-01   6.2122261e-01
   5.3394848e-01   2.6136101e-01   6.1876201e-01
   5.3345636e-01   2.5619377e-01   6.1630142e-01
   5.3268743e-01   2.5028835e-01   6.1264129e-01
   5.3182622e-01   2.4413687e-01   6.0858131e-01
   5.3096501e-01   2.3798539e-01   6.0452134e-01
   5.3010381e-01   2.3183391e-01   6.0046136e-01
   5.2924260e-01   2.2568243e-01   5.9640138e-01
   5.2838139e-01   2.1953095e-01   5.9234141e-01
   5.2752018e-01   2.1337947e-01   5.8828143e-01
   5.2665898e-01   2.0722799e-01   5.8422145e-01
   5.2579777e-01   2.0107651e-01   5.8016148e-01
   5.2493656e-01   1.9492503e-01   5.7610150e-01
   5.2407536e-01   1.8877355e-01   5.7204152e-01
   5.2321415e-01   1.8262207e-01   5.6798155e-01
   5.2235294e-01   1.7647059e-01   5.6392157e-01
   5.2149173e-01   1.7031911e-01   5.5986159e-01
   5.2063053e-01   1.6416763e-01   5.5580161e-01
   5.1976932e-01   1.5801615e-01   5.5174164e-01
   5.1890811e-01   1.5186467e-01   5.4768166e-01
   5.1804691e-01   1.4571319e-01   5.4362168e-01
   5.1718570e-01   1.3956171e-01   5.3956171e-01
   5.1632449e-01   1.3341023e-01   5.3550173e-01
   5.1546328e-01   1.2725875e-01   5.3144175e-01
   5.1460208e-01   1.2110727e-01   5.2738178e-01
   5.1374087e-01   1.1495579e-01   5.2332180e-01
   5.1287966e-01   1.0880431e-01   5.1926182e-01
   5.1201845e-01   1.0265283e-01   5.1520185e-01
   5.1115725e-01   9.6501346e-02   5.1114187e-01
   5.1029604e-01   9.0349865e-02   5.0708189e-01
   5.0943483e-01   8.4198385e-02   5.0302191e-01
   5.0857363e-01   7.8046905e-02   4.9896194e-01
   5.0771242e-01   7.1895425e-02   4.9490196e-01
   5.0685121e-01   6.5743945e-02   4.9084198e-01
   5.0599000e-01   5.9592464e-02   4.8678201e-01
   5.0028451e-01   5.7208766e-02   4.8099962e-01
   4.9388697e-01   5.5363322e-02   4.7497116e-01
   4.8748943e-01   5.3517878e-02   4.6894271e-01
   4.8109189e-01   5.1672434e-02   4.6291426e-01
   4.7469435e-01   4.9826990e-02   4.5688581e-01
   4.6829681e-01   4.7981546e-02   4.5085736e-01
   4.6189927e-01   4.6136101e-02   4.4482891e-01
   4.5550173e-01   4.4290657e-02   4.3880046e-01
   4.4910419e-01   4.2445213e-02   4.3277201e-01
   4.4270665e-01   4.0599769e-02   4.2674356e-01
   4.3630911e-01   3.8754325e-02   4.2071511e-01
   4.2991157e-01   3.6908881e-02   4.1468666e-01
   4.2351403e-01   3.5063437e-02   4.0865821e-01
   4.1711649e-01   3.3217993e-02   4.0262976e-01
   4.1071895e-01   3.1372549e-02   3.9660131e-01
   4.0432141e-01   2.9527105e-02   3.9057286e-01
   3.9792388e-01   2.7681661e-02   3.8454441e-01
   3.9152634e-01   2.5836217e-02   3.7851596e-01
   3.8512880e-01   2.3990773e-02   3.7248750e-01
   3.7873126e-01   2.2145329e-02   3.6645905e-01
   3.7233372e-01   2.0299885e-02   3.6043060e-01
   3.6593618e-01   1.8454441e-02   3.5440215e-01
   3.5953864e-01   1.6608997e-02   3.4837370e-01
   3.5314110e-01   1.4763552e-02   3.4234525e-01
   3.4674356e-01   1.2918108e-02   3.3631680e-01
   3.4034602e-01   1.1072664e-02   3.3028835e-01
   3.3394848e-01   9.2272203e-03   3.2425990e-01
   3.2755094e-01   7.3817762e-03   3.1823145e-01
   3.2115340e-01   5.5363322e-03   3.1220300e-01
   3.1475586e-01   3.6908881e-03   3.0617455e-01
   3.0835832e-01   1.8454441e-03   3.0014610e-01
   3.0196078e-01   0.0000000e+00   2.9411765e-01
