   0.0000000e+00   1.3511200e-01   3.0475100e-01
   0.0000000e+00   1.3806800e-01   3.1110500e-01
   0.0000000e+00   1.4101300e-01   3.1757900e-01
   0.0000000e+00   1.4395100e-01   3.2398200e-01
   0.0000000e+00   1.4687700e-01   3.3047900e-01
   0.0000000e+00   1.4979100e-01   3.3706500e-01
   0.0000000e+00   1.5267300e-01   3.4370400e-01
   0.0000000e+00   1.5537700e-01   3.5050000e-01
   0.0000000e+00   1.5793200e-01   3.5752100e-01
   0.0000000e+00   1.6049500e-01   3.6453400e-01
   0.0000000e+00   1.6305800e-01   3.7160800e-01
   0.0000000e+00   1.6562100e-01   3.7876900e-01
   0.0000000e+00   1.6820400e-01   3.8590200e-01
   0.0000000e+00   1.7080000e-01   3.9310000e-01
   0.0000000e+00   1.7342000e-01   4.0035300e-01
   0.0000000e+00   1.7608200e-01   4.0757700e-01
   0.0000000e+00   1.7880200e-01   4.1476400e-01
   0.0000000e+00   1.8161000e-01   4.2185900e-01
   0.0000000e+00   1.8455000e-01   4.2880200e-01
   0.0000000e+00   1.8691500e-01   4.3553200e-01
   0.0000000e+00   1.8876900e-01   4.3956300e-01
   0.0000000e+00   1.9095000e-01   4.4108500e-01
   0.0000000e+00   1.9336600e-01   4.4156100e-01
   3.6020000e-03   1.9591100e-01   4.4156400e-01
   1.7852000e-02   1.9852800e-01   4.4124800e-01
   3.2110000e-02   2.0119900e-01   4.4078500e-01
   4.6205000e-02   2.0390300e-01   4.4019600e-01
   5.8378000e-02   2.0662900e-01   4.3953100e-01
   6.8968000e-02   2.0937200e-01   4.3886300e-01
   7.8624000e-02   2.1212200e-01   4.3810500e-01
   8.7465000e-02   2.1487900e-01   4.3734200e-01
   9.5645000e-02   2.1764300e-01   4.3659300e-01
   1.0340100e-01   2.2040600e-01   4.3579000e-01
   1.1065800e-01   2.2317000e-01   4.3506700e-01
   1.1761200e-01   2.2593500e-01   4.3430800e-01
   1.2429100e-01   2.2869700e-01   4.3354700e-01
   1.3066900e-01   2.3145800e-01   4.3284000e-01
   1.3683000e-01   2.3421600e-01   4.3214800e-01
   1.4285200e-01   2.3697200e-01   4.3140400e-01
   1.4863800e-01   2.3972400e-01   4.3075200e-01
   1.5426100e-01   2.4247500e-01   4.3012000e-01
   1.5973300e-01   2.4522100e-01   4.2952800e-01
   1.6511300e-01   2.4796500e-01   4.2890800e-01
   1.7036200e-01   2.5070700e-01   4.2832500e-01
   1.7549000e-01   2.5344400e-01   4.2779000e-01
   1.8050300e-01   2.5618000e-01   4.2729900e-01
   1.8545300e-01   2.5891400e-01   4.2678800e-01
   1.9030300e-01   2.6164400e-01   4.2632900e-01
   1.9505700e-01   2.6437200e-01   4.2592400e-01
   1.9976400e-01   2.6709900e-01   4.2549700e-01
   2.0438500e-01   2.6982300e-01   4.2512600e-01
   2.0892600e-01   2.7254600e-01   4.2480900e-01
   2.1343100e-01   2.7526600e-01   4.2448000e-01
   2.1786300e-01   2.7798500e-01   4.2420600e-01
   2.2226400e-01   2.8070200e-01   4.2391400e-01
   2.2659800e-01   2.8341900e-01   4.2367800e-01
   2.3087100e-01   2.8613400e-01   4.2349800e-01
   2.3512000e-01   2.8884800e-01   4.2330400e-01
   2.3931200e-01   2.9156200e-01   4.2316700e-01
   2.4348500e-01   2.9427400e-01   4.2301400e-01
   2.4760500e-01   2.9698600e-01   4.2291700e-01
   2.5167500e-01   2.9969800e-01   4.2287300e-01
   2.5573100e-01   3.0240900e-01   4.2281400e-01
   2.5974000e-01   3.0512000e-01   4.2281000e-01
   2.6373800e-01   3.0783100e-01   4.2278900e-01
   2.6769300e-01   3.1054200e-01   4.2282100e-01
   2.7163900e-01   3.1325300e-01   4.2283700e-01
   2.7551300e-01   3.1596500e-01   4.2297900e-01
   2.7941100e-01   3.1867700e-01   4.2303100e-01
   2.8324000e-01   3.2139000e-01   4.2321100e-01
   2.8706500e-01   3.2410300e-01   4.2337300e-01
   2.9088400e-01   3.2681600e-01   4.2351700e-01
   2.9466900e-01   3.2953100e-01   4.2371600e-01
   2.9842100e-01   3.3224700e-01   4.2397300e-01
   3.0216900e-01   3.3496300e-01   4.2421300e-01
   3.0588600e-01   3.3768100e-01   4.2451200e-01
   3.0960100e-01   3.4039900e-01   4.2479000e-01
   3.1328700e-01   3.4312000e-01   4.2512000e-01
   3.1694100e-01   3.4584200e-01   4.2551200e-01
   3.2059500e-01   3.4856500e-01   4.2588900e-01
   3.2425000e-01   3.5128900e-01   4.2625000e-01
   3.2787500e-01   3.5401600e-01   4.2667000e-01
   3.3147400e-01   3.5674400e-01   4.2714400e-01
   3.3507300e-01   3.5947400e-01   4.2760500e-01
   3.3867300e-01   3.6220600e-01   4.2805300e-01
   3.4224600e-01   3.6493900e-01   4.2855900e-01
   3.4579300e-01   3.6767600e-01   4.2912700e-01
   3.4934100e-01   3.7041400e-01   4.2968500e-01
   3.5289200e-01   3.7315300e-01   4.3022600e-01
   3.5641800e-01   3.7589600e-01   4.3082300e-01
   3.5991600e-01   3.7864100e-01   4.3150100e-01
   3.6344600e-01   3.8138800e-01   4.3207500e-01
   3.6692300e-01   3.8413900e-01   4.3279600e-01
   3.7043000e-01   3.8689000e-01   4.3342800e-01
   3.7388400e-01   3.8964600e-01   4.3420900e-01
   3.7737100e-01   3.9240400e-01   4.3489000e-01
   3.8083000e-01   3.9516400e-01   4.3565300e-01
   3.8426800e-01   3.9792800e-01   4.3647500e-01
   3.8770500e-01   4.0069400e-01   4.3730500e-01
   3.9115100e-01   4.0346400e-01   4.3809600e-01
   3.9456800e-01   4.0623600e-01   4.3898600e-01
   3.9799100e-01   4.0901100e-01   4.3984800e-01
   4.0141800e-01   4.1179000e-01   4.4070800e-01
   4.0482000e-01   4.1457200e-01   4.4164200e-01
   4.0822600e-01   4.1735700e-01   4.4257000e-01
   4.1160700e-01   4.2014500e-01   4.4357700e-01
   4.1499200e-01   4.2293700e-01   4.4457800e-01
   4.1838300e-01   4.2573300e-01   4.4556000e-01
   4.2174800e-01   4.2853100e-01   4.4664000e-01
   4.2512000e-01   4.3133400e-01   4.4769200e-01
   4.2846200e-01   4.3414000e-01   4.4886400e-01
   4.3181700e-01   4.3695000e-01   4.4998200e-01
   4.3516800e-01   4.3976300e-01   4.5113400e-01
   4.3850400e-01   4.4258000e-01   4.5234100e-01
   4.4181000e-01   4.4540200e-01   4.5365900e-01
   4.4514800e-01   4.4822600e-01   4.5488500e-01
   4.4844700e-01   4.5105300e-01   4.5626400e-01
   4.5175900e-01   4.5388700e-01   4.5758200e-01
   4.5507200e-01   4.5671800e-01   4.5897600e-01
   4.5836600e-01   4.5955200e-01   4.6045700e-01
   4.6161600e-01   4.6240500e-01   4.6196900e-01
   4.6494700e-01   4.6524100e-01   4.6339500e-01
   4.6825400e-01   4.6808300e-01   4.6490800e-01
   4.7150100e-01   4.7096000e-01   4.6635700e-01
   4.7481200e-01   4.7383200e-01   4.6768100e-01
   4.7818600e-01   4.7669900e-01   4.6884500e-01
   4.8162200e-01   4.7957300e-01   4.6976700e-01
   4.8514100e-01   4.8245100e-01   4.7038400e-01
   4.8869700e-01   4.8531800e-01   4.7100800e-01
   4.9227800e-01   4.8819800e-01   4.7145300e-01
   4.9591300e-01   4.9107600e-01   4.7175100e-01
   4.9955200e-01   4.9396000e-01   4.7203200e-01
   5.0318500e-01   4.9685100e-01   4.7230500e-01
   5.0686600e-01   4.9974300e-01   4.7243200e-01
   5.1054000e-01   5.0264300e-01   4.7255000e-01
   5.1422600e-01   5.0554600e-01   4.7264000e-01
   5.1792000e-01   5.0845400e-01   4.7270700e-01
   5.2164300e-01   5.1136700e-01   4.7263900e-01
   5.2534800e-01   5.1428500e-01   4.7266000e-01
   5.2908600e-01   5.1720700e-01   4.7254300e-01
   5.3282900e-01   5.2013500e-01   4.7240100e-01
   5.3655300e-01   5.2306700e-01   4.7235200e-01
   5.4030700e-01   5.2600500e-01   4.7216300e-01
   5.4406900e-01   5.2894800e-01   4.7194700e-01
   5.4784000e-01   5.3189500e-01   4.7170400e-01
   5.5161200e-01   5.3484900e-01   4.7143900e-01
   5.5539300e-01   5.3780700e-01   4.7114700e-01
   5.5918100e-01   5.4077100e-01   4.7082900e-01
   5.6297200e-01   5.4374100e-01   4.7048800e-01
   5.6680200e-01   5.4671500e-01   4.6998800e-01
   5.7060700e-01   5.4969500e-01   4.6959300e-01
   5.7441700e-01   5.5268200e-01   4.6917200e-01
   5.7823600e-01   5.5567300e-01   4.6872400e-01
   5.8208700e-01   5.5867000e-01   4.6811800e-01
   5.8591600e-01   5.6167400e-01   4.6761800e-01
   5.8975300e-01   5.6468200e-01   4.6709000e-01
   5.9362200e-01   5.6769700e-01   4.6640100e-01
   5.9746900e-01   5.7071800e-01   4.6582100e-01
   6.0135400e-01   5.7374300e-01   4.6507400e-01
   6.0521100e-01   5.7677700e-01   4.6444100e-01
   6.0910500e-01   5.7981600e-01   4.6363800e-01
   6.1297700e-01   5.8286100e-01   4.6295000e-01
   6.1685200e-01   5.8591300e-01   4.6223700e-01
   6.2076500e-01   5.8897000e-01   4.6135100e-01
   6.2465400e-01   5.9203400e-01   4.6058300e-01
   6.2857600e-01   5.9510400e-01   4.5964100e-01
   6.3250600e-01   5.9818000e-01   4.5866800e-01
   6.3641200e-01   6.0126400e-01   4.5781800e-01
   6.4035200e-01   6.0435400e-01   4.5679100e-01
   6.4427000e-01   6.0745000e-01   4.5588600e-01
   6.4822200e-01   6.1055300e-01   4.5480100e-01
   6.5217800e-01   6.1366400e-01   4.5368900e-01
   6.5611400e-01   6.1678000e-01   4.5270200e-01
   6.6008200e-01   6.1990400e-01   4.5153400e-01
   6.6405500e-01   6.2303400e-01   4.5033800e-01
   6.6800800e-01   6.2617100e-01   4.4927000e-01
   6.7199100e-01   6.2931600e-01   4.4801800e-01
   6.7598100e-01   6.3246800e-01   4.4673600e-01
   6.7997900e-01   6.3562600e-01   4.4542400e-01
   6.8395000e-01   6.3879300e-01   4.4425100e-01
   6.8795700e-01   6.4196600e-01   4.4288600e-01
   6.9197100e-01   6.4514500e-01   4.4149100e-01
   6.9598500e-01   6.4833400e-01   4.4007200e-01
   7.0000800e-01   6.5152900e-01   4.3862400e-01
   7.0403700e-01   6.5473100e-01   4.3714700e-01
   7.0806700e-01   6.5794200e-01   4.3564700e-01
   7.1210500e-01   6.6116000e-01   4.3411700e-01
   7.1617700e-01   6.6438400e-01   4.3238600e-01
   7.2022200e-01   6.6761800e-01   4.3080500e-01
   7.2427400e-01   6.7085900e-01   4.2919400e-01
   7.2833400e-01   6.7410700e-01   4.2755400e-01
   7.3242200e-01   6.7736400e-01   4.2571700e-01
   7.3648800e-01   6.8062900e-01   4.2402800e-01
   7.4058900e-01   6.8390000e-01   4.2213100e-01
   7.4466400e-01   6.8718100e-01   4.2039300e-01
   7.4877200e-01   6.9047000e-01   4.1844800e-01
   7.5288600e-01   6.9376600e-01   4.1647200e-01
   7.5697500e-01   6.9707100e-01   4.1465900e-01
   7.6109600e-01   7.0038400e-01   4.1263800e-01
   7.6522300e-01   7.0370500e-01   4.1058700e-01
   7.6935300e-01   7.0703500e-01   4.0851600e-01
   7.7348600e-01   7.1037300e-01   4.0642200e-01
   7.7765100e-01   7.1371900e-01   4.0411200e-01
   7.8179500e-01   7.1707400e-01   4.0196600e-01
   7.8596500e-01   7.2043800e-01   3.9961300e-01
   7.9011600e-01   7.2381000e-01   3.9742300e-01
   7.9429800e-01   7.2719000e-01   3.9501600e-01
   7.9848000e-01   7.3058000e-01   3.9259700e-01
   8.0266700e-01   7.3397800e-01   3.9015300e-01
   8.0685900e-01   7.3738500e-01   3.8768400e-01
   8.1105400e-01   7.4080100e-01   3.8519800e-01
   8.1527400e-01   7.4422600e-01   3.8250400e-01
   8.1949900e-01   7.4765900e-01   3.7978500e-01
   8.2372900e-01   7.5110100e-01   3.7704300e-01
   8.2795900e-01   7.5455300e-01   3.7429200e-01
   8.3219200e-01   7.5801400e-01   3.7152900e-01
   8.3642900e-01   7.6148300e-01   3.6874700e-01
   8.4069300e-01   7.6496200e-01   3.6574600e-01
   8.4495700e-01   7.6845000e-01   3.6274100e-01
   8.4922300e-01   7.7194700e-01   3.5972900e-01
   8.5351500e-01   7.7545400e-01   3.5650000e-01
   8.5780900e-01   7.7896900e-01   3.5325900e-01
   8.6210500e-01   7.8249400e-01   3.5001100e-01
   8.6642100e-01   7.8602800e-01   3.4657100e-01
   8.7071700e-01   7.8957200e-01   3.4333300e-01
   8.7505700e-01   7.9312500e-01   3.3968500e-01
   8.7937800e-01   7.9668700e-01   3.3624100e-01
   8.8372000e-01   8.0025800e-01   3.3259900e-01
   8.8808100e-01   8.0383900e-01   3.2877000e-01
   8.9244000e-01   8.0743000e-01   3.2496800e-01
   8.9681800e-01   8.1103000e-01   3.2098200e-01
   9.0119500e-01   8.1463900e-01   3.1702100e-01
   9.0558900e-01   8.1825700e-01   3.1288900e-01
   9.1000000e-01   8.2188500e-01   3.0859400e-01
   9.1440700e-01   8.2552200e-01   3.0434800e-01
   9.1882800e-01   8.2916800e-01   2.9996000e-01
   9.2327900e-01   8.3282200e-01   2.9524400e-01
   9.2772400e-01   8.3648600e-01   2.9061100e-01
   9.3218000e-01   8.4015900e-01   2.8588000e-01
   9.3666000e-01   8.4384100e-01   2.8087600e-01
   9.4114700e-01   8.4753000e-01   2.7581500e-01
   9.4565400e-01   8.5122800e-01   2.7053200e-01
   9.5017800e-01   8.5493300e-01   2.6508500e-01
   9.5472500e-01   8.5864600e-01   2.5936500e-01
   9.5928400e-01   8.6236500e-01   2.5356300e-01
   9.6387200e-01   8.6608900e-01   2.4744500e-01
   9.6846900e-01   8.6981900e-01   2.4131000e-01
   9.7311400e-01   8.7355000e-01   2.3467700e-01
   9.7778000e-01   8.7728100e-01   2.2795400e-01
   9.8249700e-01   8.8100800e-01   2.2087800e-01
   9.8729300e-01   8.8471800e-01   2.1333600e-01
   9.9221800e-01   8.8838500e-01   2.0546800e-01
   9.9484700e-01   8.9295400e-01   2.0344500e-01
   9.9524900e-01   8.9838400e-01   2.0756100e-01
   9.9550300e-01   9.0386600e-01   2.1237000e-01
   9.9573700e-01   9.0934400e-01   2.1777200e-01
