   0.0000000e+00   0.0000000e+00   0.0000000e+00
   4.7058824e-03   4.7058824e-03   1.5686275e-02
   9.4117647e-03   9.4117647e-03   3.1372549e-02
   1.4117647e-02   1.4117647e-02   4.7058824e-02
   1.8823529e-02   1.8823529e-02   6.2745098e-02
   2.3529412e-02   2.3529412e-02   7.8431373e-02
   2.8235294e-02   2.8235294e-02   9.4117647e-02
   3.2941176e-02   3.2941176e-02   1.0980392e-01
   3.7647059e-02   3.7647059e-02   1.2549020e-01
   4.2352941e-02   4.2352941e-02   1.4117647e-01
   4.7058824e-02   4.7058824e-02   1.5686275e-01
   5.1764706e-02   5.1764706e-02   1.7254902e-01
   5.6470588e-02   5.6470588e-02   1.8823529e-01
   6.1176471e-02   6.1176471e-02   2.0392157e-01
   6.5882353e-02   6.5882353e-02   2.1960784e-01
   7.0588235e-02   7.0588235e-02   2.3529412e-01
   7.5294118e-02   7.5294118e-02   2.5098039e-01
   8.0000000e-02   8.0000000e-02   2.6666667e-01
   8.4705882e-02   8.4705882e-02   2.8235294e-01
   8.9411765e-02   8.9411765e-02   2.9803922e-01
   9.4117647e-02   9.4117647e-02   3.1372549e-01
   9.8823529e-02   9.8823529e-02   3.2941176e-01
   1.0352941e-01   1.0352941e-01   3.4509804e-01
   1.0823529e-01   1.0823529e-01   3.6078431e-01
   1.1294118e-01   1.1294118e-01   3.7647059e-01
   1.1764706e-01   1.1764706e-01   3.9215686e-01
   1.2235294e-01   1.2235294e-01   4.0784314e-01
   1.2705882e-01   1.2705882e-01   4.2352941e-01
   1.3176471e-01   1.3176471e-01   4.3921569e-01
   1.3647059e-01   1.3647059e-01   4.5490196e-01
   1.4117647e-01   1.4117647e-01   4.7058824e-01
   1.4588235e-01   1.4588235e-01   4.8627451e-01
   1.5058824e-01   1.5000000e-01   5.0098039e-01
   1.5529412e-01   1.5000000e-01   5.0882353e-01
   1.6000000e-01   1.5000000e-01   5.1666667e-01
   1.6470588e-01   1.5000000e-01   5.2450980e-01
   1.6941176e-01   1.5000000e-01   5.3235294e-01
   1.7411765e-01   1.5000000e-01   5.4019608e-01
   1.7882353e-01   1.5000000e-01   5.4803922e-01
   1.8352941e-01   1.5000000e-01   5.5588235e-01
   1.8823529e-01   1.5000000e-01   5.6372549e-01
   1.9294118e-01   1.5000000e-01   5.7156863e-01
   1.9764706e-01   1.5000000e-01   5.7941176e-01
   2.0235294e-01   1.5000000e-01   5.8725490e-01
   2.0705882e-01   1.5000000e-01   5.9509804e-01
   2.1176471e-01   1.5000000e-01   6.0294118e-01
   2.1647059e-01   1.5000000e-01   6.1078431e-01
   2.2117647e-01   1.5000000e-01   6.1862745e-01
   2.2588235e-01   1.5000000e-01   6.2647059e-01
   2.3058824e-01   1.5000000e-01   6.3431373e-01
   2.3529412e-01   1.5000000e-01   6.4215686e-01
   2.4000000e-01   1.5000000e-01   6.5000000e-01
   2.4470588e-01   1.5000000e-01   6.5784314e-01
   2.4941176e-01   1.5000000e-01   6.6568627e-01
   2.5411765e-01   1.5000000e-01   6.7352941e-01
   2.5882353e-01   1.5000000e-01   6.8137255e-01
   2.6352941e-01   1.5000000e-01   6.8921569e-01
   2.6823529e-01   1.5000000e-01   6.9705882e-01
   2.7294118e-01   1.5000000e-01   7.0490196e-01
   2.7764706e-01   1.5000000e-01   7.1274510e-01
   2.8235294e-01   1.5000000e-01   7.2058824e-01
   2.8705882e-01   1.5000000e-01   7.2843137e-01
   2.9176471e-01   1.5000000e-01   7.3627451e-01
   2.9647059e-01   1.5000000e-01   7.4411765e-01
   3.0235294e-01   1.5039216e-01   7.4803922e-01
   3.1176471e-01   1.5196078e-01   7.4019608e-01
   3.2117647e-01   1.5352941e-01   7.3235294e-01
   3.3058824e-01   1.5509804e-01   7.2450980e-01
   3.4000000e-01   1.5666667e-01   7.1666667e-01
   3.4941176e-01   1.5823529e-01   7.0882353e-01
   3.5882353e-01   1.5980392e-01   7.0098039e-01
   3.6823529e-01   1.6137255e-01   6.9313725e-01
   3.7764706e-01   1.6294118e-01   6.8529412e-01
   3.8705882e-01   1.6450980e-01   6.7745098e-01
   3.9647059e-01   1.6607843e-01   6.6960784e-01
   4.0588235e-01   1.6764706e-01   6.6176471e-01
   4.1529412e-01   1.6921569e-01   6.5392157e-01
   4.2470588e-01   1.7078431e-01   6.4607843e-01
   4.3411765e-01   1.7235294e-01   6.3823529e-01
   4.4352941e-01   1.7392157e-01   6.3039216e-01
   4.5294118e-01   1.7549020e-01   6.2254902e-01
   4.6235294e-01   1.7705882e-01   6.1470588e-01
   4.7176471e-01   1.7862745e-01   6.0686275e-01
   4.8117647e-01   1.8019608e-01   5.9901961e-01
   4.9058824e-01   1.8176471e-01   5.9117647e-01
   5.0000000e-01   1.8333333e-01   5.8333333e-01
   5.0941176e-01   1.8490196e-01   5.7549020e-01
   5.1882353e-01   1.8647059e-01   5.6764706e-01
   5.2823529e-01   1.8803922e-01   5.5980392e-01
   5.3764706e-01   1.8960784e-01   5.5196078e-01
   5.4705882e-01   1.9117647e-01   5.4411765e-01
   5.5647059e-01   1.9274510e-01   5.3627451e-01
   5.6588235e-01   1.9431373e-01   5.2843137e-01
   5.7529412e-01   1.9588235e-01   5.2058824e-01
   5.8470588e-01   1.9745098e-01   5.1274510e-01
   5.9411765e-01   1.9901961e-01   5.0490196e-01
   6.0470588e-01   2.0058824e-01   4.9588235e-01
   6.1725490e-01   2.0215686e-01   4.8490196e-01
   6.2980392e-01   2.0372549e-01   4.7392157e-01
   6.4235294e-01   2.0529412e-01   4.6294118e-01
   6.5490196e-01   2.0686275e-01   4.5196078e-01
   6.6745098e-01   2.0843137e-01   4.4098039e-01
   6.8000000e-01   2.1000000e-01   4.3000000e-01
   6.9254902e-01   2.1156863e-01   4.1901961e-01
   7.0509804e-01   2.1313725e-01   4.0803922e-01
   7.1764706e-01   2.1470588e-01   3.9705882e-01
   7.3019608e-01   2.1627451e-01   3.8607843e-01
   7.4274510e-01   2.1784314e-01   3.7509804e-01
   7.5529412e-01   2.1941176e-01   3.6411765e-01
   7.6784314e-01   2.2098039e-01   3.5313725e-01
   7.8039216e-01   2.2254902e-01   3.4215686e-01
   7.9294118e-01   2.2411765e-01   3.3117647e-01
   8.0549020e-01   2.2568627e-01   3.2019608e-01
   8.1803922e-01   2.2725490e-01   3.0921569e-01
   8.3058824e-01   2.2882353e-01   2.9823529e-01
   8.4313725e-01   2.3039216e-01   2.8725490e-01
   8.5568627e-01   2.3196078e-01   2.7627451e-01
   8.6823529e-01   2.3352941e-01   2.6529412e-01
   8.8078431e-01   2.3509804e-01   2.5431373e-01
   8.9333333e-01   2.3666667e-01   2.4333333e-01
   9.0588235e-01   2.3823529e-01   2.3235294e-01
   9.1843137e-01   2.3980392e-01   2.2137255e-01
   9.3098039e-01   2.4137255e-01   2.1039216e-01
   9.4352941e-01   2.4294118e-01   1.9941176e-01
   9.5607843e-01   2.4450980e-01   1.8843137e-01
   9.6862745e-01   2.4607843e-01   1.7745098e-01
   9.8117647e-01   2.4764706e-01   1.6647059e-01
   9.9372549e-01   2.4921569e-01   1.5549020e-01
   9.9843137e-01   2.5392157e-01   1.4764706e-01
   9.9529412e-01   2.6176471e-01   1.4294118e-01
   9.9215686e-01   2.6960784e-01   1.3823529e-01
   9.8901961e-01   2.7745098e-01   1.3352941e-01
   9.8588235e-01   2.8529412e-01   1.2882353e-01
   9.8274510e-01   2.9313725e-01   1.2411765e-01
   9.7960784e-01   3.0098039e-01   1.1941176e-01
   9.7647059e-01   3.0882353e-01   1.1470588e-01
   9.7333333e-01   3.1666667e-01   1.1000000e-01
   9.7019608e-01   3.2450980e-01   1.0529412e-01
   9.6705882e-01   3.3235294e-01   1.0058824e-01
   9.6392157e-01   3.4019608e-01   9.5882353e-02
   9.6078431e-01   3.4803922e-01   9.1176471e-02
   9.5764706e-01   3.5588235e-01   8.6470588e-02
   9.5450980e-01   3.6372549e-01   8.1764706e-02
   9.5137255e-01   3.7156863e-01   7.7058824e-02
   9.4823529e-01   3.7941176e-01   7.2352941e-02
   9.4509804e-01   3.8725490e-01   6.7647059e-02
   9.4196078e-01   3.9509804e-01   6.2941176e-02
   9.3882353e-01   4.0294118e-01   5.8235294e-02
   9.3568627e-01   4.1078431e-01   5.3529412e-02
   9.3254902e-01   4.1862745e-01   4.8823529e-02
   9.2941176e-01   4.2647059e-01   4.4117647e-02
   9.2627451e-01   4.3431373e-01   3.9411765e-02
   9.2313725e-01   4.4215686e-01   3.4705882e-02
   9.2000000e-01   4.5000000e-01   3.0000000e-02
   9.1686275e-01   4.5784314e-01   2.5294118e-02
   9.1372549e-01   4.6568627e-01   2.0588235e-02
   9.1058824e-01   4.7352941e-01   1.5882353e-02
   9.0745098e-01   4.8137255e-01   1.1176471e-02
   9.0431373e-01   4.8921569e-01   6.4705882e-03
   9.0117647e-01   4.9705882e-01   1.7647059e-03
   9.0000000e-01   5.0490196e-01   1.9607843e-03
   9.0000000e-01   5.1274510e-01   5.0980392e-03
   9.0000000e-01   5.2058824e-01   8.2352941e-03
   9.0000000e-01   5.2843137e-01   1.1372549e-02
   9.0000000e-01   5.3627451e-01   1.4509804e-02
   9.0000000e-01   5.4411765e-01   1.7647059e-02
   9.0000000e-01   5.5196078e-01   2.0784314e-02
   9.0000000e-01   5.5980392e-01   2.3921569e-02
   9.0000000e-01   5.6764706e-01   2.7058824e-02
   9.0000000e-01   5.7549020e-01   3.0196078e-02
   9.0000000e-01   5.8333333e-01   3.3333333e-02
   9.0000000e-01   5.9117647e-01   3.6470588e-02
   9.0000000e-01   5.9901961e-01   3.9607843e-02
   9.0000000e-01   6.0686275e-01   4.2745098e-02
   9.0000000e-01   6.1470588e-01   4.5882353e-02
   9.0000000e-01   6.2254902e-01   4.9019608e-02
   9.0000000e-01   6.3039216e-01   5.2156863e-02
   9.0000000e-01   6.3823529e-01   5.5294118e-02
   9.0000000e-01   6.4607843e-01   5.8431373e-02
   9.0000000e-01   6.5392157e-01   6.1568627e-02
   9.0000000e-01   6.6176471e-01   6.4705882e-02
   9.0000000e-01   6.6960784e-01   6.7843137e-02
   9.0000000e-01   6.7745098e-01   7.0980392e-02
   9.0000000e-01   6.8529412e-01   7.4117647e-02
   9.0000000e-01   6.9313725e-01   7.7254902e-02
   9.0000000e-01   7.0098039e-01   8.0392157e-02
   9.0000000e-01   7.0882353e-01   8.3529412e-02
   9.0000000e-01   7.1666667e-01   8.6666667e-02
   9.0000000e-01   7.2450980e-01   8.9803922e-02
   9.0000000e-01   7.3235294e-01   9.2941176e-02
   9.0000000e-01   7.4019608e-01   9.6078431e-02
   9.0000000e-01   7.4803922e-01   9.9215686e-02
   9.0000000e-01   7.5352941e-01   1.0941176e-01
   9.0000000e-01   7.5823529e-01   1.2196078e-01
   9.0000000e-01   7.6294118e-01   1.3450980e-01
   9.0000000e-01   7.6764706e-01   1.4705882e-01
   9.0000000e-01   7.7235294e-01   1.5960784e-01
   9.0000000e-01   7.7705882e-01   1.7215686e-01
   9.0000000e-01   7.8176471e-01   1.8470588e-01
   9.0000000e-01   7.8647059e-01   1.9725490e-01
   9.0000000e-01   7.9117647e-01   2.0980392e-01
   9.0000000e-01   7.9588235e-01   2.2235294e-01
   9.0000000e-01   8.0058824e-01   2.3490196e-01
   9.0000000e-01   8.0529412e-01   2.4745098e-01
   9.0000000e-01   8.1000000e-01   2.6000000e-01
   9.0000000e-01   8.1470588e-01   2.7254902e-01
   9.0000000e-01   8.1941176e-01   2.8509804e-01
   9.0000000e-01   8.2411765e-01   2.9764706e-01
   9.0000000e-01   8.2882353e-01   3.1019608e-01
   9.0000000e-01   8.3352941e-01   3.2274510e-01
   9.0000000e-01   8.3823529e-01   3.3529412e-01
   9.0000000e-01   8.4294118e-01   3.4784314e-01
   9.0000000e-01   8.4764706e-01   3.6039216e-01
   9.0000000e-01   8.5235294e-01   3.7294118e-01
   9.0000000e-01   8.5705882e-01   3.8549020e-01
   9.0000000e-01   8.6176471e-01   3.9803922e-01
   9.0000000e-01   8.6647059e-01   4.1058824e-01
   9.0000000e-01   8.7117647e-01   4.2313725e-01
   9.0000000e-01   8.7588235e-01   4.3568627e-01
   9.0000000e-01   8.8058824e-01   4.4823529e-01
   9.0000000e-01   8.8529412e-01   4.6078431e-01
   9.0000000e-01   8.9000000e-01   4.7333333e-01
   9.0000000e-01   8.9470588e-01   4.8588235e-01
   9.0000000e-01   8.9941176e-01   4.9843137e-01
   9.0274510e-01   9.0274510e-01   5.1372549e-01
   9.0588235e-01   9.0588235e-01   5.2941176e-01
   9.0901961e-01   9.0901961e-01   5.4509804e-01
   9.1215686e-01   9.1215686e-01   5.6078431e-01
   9.1529412e-01   9.1529412e-01   5.7647059e-01
   9.1843137e-01   9.1843137e-01   5.9215686e-01
   9.2156863e-01   9.2156863e-01   6.0784314e-01
   9.2470588e-01   9.2470588e-01   6.2352941e-01
   9.2784314e-01   9.2784314e-01   6.3921569e-01
   9.3098039e-01   9.3098039e-01   6.5490196e-01
   9.3411765e-01   9.3411765e-01   6.7058824e-01
   9.3725490e-01   9.3725490e-01   6.8627451e-01
   9.4039216e-01   9.4039216e-01   7.0196078e-01
   9.4352941e-01   9.4352941e-01   7.1764706e-01
   9.4666667e-01   9.4666667e-01   7.3333333e-01
   9.4980392e-01   9.4980392e-01   7.4901961e-01
   9.5294118e-01   9.5294118e-01   7.6470588e-01
   9.5607843e-01   9.5607843e-01   7.8039216e-01
   9.5921569e-01   9.5921569e-01   7.9607843e-01
   9.6235294e-01   9.6235294e-01   8.1176471e-01
   9.6549020e-01   9.6549020e-01   8.2745098e-01
   9.6862745e-01   9.6862745e-01   8.4313725e-01
   9.7176471e-01   9.7176471e-01   8.5882353e-01
   9.7490196e-01   9.7490196e-01   8.7450980e-01
   9.7803922e-01   9.7803922e-01   8.9019608e-01
   9.8117647e-01   9.8117647e-01   9.0588235e-01
   9.8431373e-01   9.8431373e-01   9.2156863e-01
   9.8745098e-01   9.8745098e-01   9.3725490e-01
   9.9058824e-01   9.9058824e-01   9.5294118e-01
   9.9372549e-01   9.9372549e-01   9.6862745e-01
   9.9686275e-01   9.9686275e-01   9.8431373e-01
   1.0000000e+00   1.0000000e+00   1.0000000e+00
