   2.2980570e-01   2.9871797e-01   7.5368315e-01
   2.3437708e-01   3.0554173e-01   7.5967953e-01
   2.3894846e-01   3.1236549e-01   7.6567590e-01
   2.4351984e-01   3.1918926e-01   7.7167228e-01
   2.4809122e-01   3.2601302e-01   7.7766865e-01
   2.5266260e-01   3.3283679e-01   7.8366503e-01
   2.5723398e-01   3.3966055e-01   7.8966140e-01
   2.6180536e-01   3.4648432e-01   7.9565778e-01
   2.6638147e-01   3.5330441e-01   8.0163732e-01
   2.7110430e-01   3.6001066e-01   8.0709513e-01
   2.7582712e-01   3.6671692e-01   8.1255294e-01
   2.8054995e-01   3.7342317e-01   8.1801074e-01
   2.8527278e-01   3.8012942e-01   8.2346855e-01
   2.8999560e-01   3.8683568e-01   8.2892636e-01
   2.9471843e-01   3.9354193e-01   8.3438417e-01
   2.9944126e-01   4.0024818e-01   8.3984198e-01
   3.0417429e-01   4.0694488e-01   8.4526273e-01
   3.0906032e-01   4.1349827e-01   8.5012763e-01
   3.1394635e-01   4.2005166e-01   8.5499254e-01
   3.1883238e-01   4.2660505e-01   8.5985745e-01
   3.2371842e-01   4.3315844e-01   8.6472236e-01
   3.2860445e-01   4.3971183e-01   8.6958726e-01
   3.3349048e-01   4.4626522e-01   8.7445217e-01
   3.3837651e-01   4.5281861e-01   8.7931708e-01
   3.4327752e-01   4.5935363e-01   8.8412192e-01
   3.4832334e-01   4.6571115e-01   8.8834616e-01
   3.5336916e-01   4.7206866e-01   8.9257040e-01
   3.5841498e-01   4.7842617e-01   8.9679465e-01
   3.6346080e-01   4.8478368e-01   9.0101889e-01
   3.6850661e-01   4.9114119e-01   9.0524313e-01
   3.7355243e-01   4.9749871e-01   9.0946737e-01
   3.7859825e-01   5.0385622e-01   9.1369161e-01
   3.8366207e-01   5.1018342e-01   9.1783067e-01
   3.8885187e-01   5.1629844e-01   9.2137348e-01
   3.9404168e-01   5.2241345e-01   9.2491629e-01
   3.9923148e-01   5.2852847e-01   9.2845910e-01
   4.0442129e-01   5.3464349e-01   9.3200191e-01
   4.0961110e-01   5.4075851e-01   9.3554472e-01
   4.1480090e-01   5.4687353e-01   9.3908753e-01
   4.1999071e-01   5.5298855e-01   9.4263034e-01
   4.2519897e-01   5.5905818e-01   9.4606146e-01
   4.3050689e-01   5.6488274e-01   9.4888942e-01
   4.3581481e-01   5.7070730e-01   9.5171738e-01
   4.4112272e-01   5.7653186e-01   9.5454534e-01
   4.4643064e-01   5.8235643e-01   9.5737331e-01
   4.5173856e-01   5.8818099e-01   9.6020127e-01
   4.5704648e-01   5.9400555e-01   9.6302923e-01
   4.6235440e-01   5.9983011e-01   9.6585719e-01
   4.6767809e-01   6.0559123e-01   9.6854628e-01
   4.7307017e-01   6.1107744e-01   9.7063359e-01
   4.7846225e-01   6.1656364e-01   9.7272090e-01
   4.8385433e-01   6.2204985e-01   9.7480820e-01
   4.8924641e-01   6.2753606e-01   9.7689551e-01
   4.9463849e-01   6.3302226e-01   9.7898282e-01
   5.0003056e-01   6.3850847e-01   9.8107012e-01
   5.0542264e-01   6.4399467e-01   9.8315743e-01
   5.1082432e-01   6.4939661e-01   9.8507878e-01
   5.1626030e-01   6.5449761e-01   9.8640740e-01
   5.2169628e-01   6.5959861e-01   9.8773602e-01
   5.2713226e-01   6.6469960e-01   9.8906465e-01
   5.3256824e-01   6.6980060e-01   9.9039327e-01
   5.3800422e-01   6.7490159e-01   9.9172189e-01
   5.4344019e-01   6.8000259e-01   9.9305052e-01
   5.4887617e-01   6.8510359e-01   9.9437914e-01
   5.5431187e-01   6.9009701e-01   9.9551555e-01
   5.5974673e-01   6.9476773e-01   9.9607531e-01
   5.6518158e-01   6.9943844e-01   9.9663507e-01
   5.7061644e-01   7.0410916e-01   9.9719483e-01
   5.7605129e-01   7.0877988e-01   9.9775459e-01
   5.8148615e-01   7.1345060e-01   9.9831435e-01
   5.8692100e-01   7.1812131e-01   9.9887411e-01
   5.9235586e-01   7.2279203e-01   9.9943387e-01
   5.9777678e-01   7.2732972e-01   9.9977673e-01
   6.0316207e-01   7.3152748e-01   9.9956528e-01
   6.0854736e-01   7.3572523e-01   9.9935383e-01
   6.1393265e-01   7.3992298e-01   9.9914237e-01
   6.1931795e-01   7.4412073e-01   9.9893092e-01
   6.2470324e-01   7.4831849e-01   9.9871947e-01
   6.3008853e-01   7.5251624e-01   9.9850801e-01
   6.3547382e-01   7.5671399e-01   9.9829656e-01
   6.4082778e-01   7.6075151e-01   9.9784577e-01
   6.4611281e-01   7.6443650e-01   9.9686846e-01
   6.5139784e-01   7.6812149e-01   9.9589115e-01
   6.5668287e-01   7.7180648e-01   9.9491384e-01
   6.6196790e-01   7.7549147e-01   9.9393653e-01
   6.6725292e-01   7.7917646e-01   9.9295921e-01
   6.7253795e-01   7.8286145e-01   9.9198190e-01
   6.7782298e-01   7.8654644e-01   9.9100459e-01
   6.8305568e-01   7.9004263e-01   9.8976843e-01
   6.8818848e-01   7.9317838e-01   9.8803810e-01
   6.9332128e-01   7.9631413e-01   9.8630778e-01
   6.9845409e-01   7.9944988e-01   9.8457746e-01
   7.0358689e-01   8.0258564e-01   9.8284713e-01
   7.0871969e-01   8.0572139e-01   9.8111681e-01
   7.1385249e-01   8.0885714e-01   9.7938649e-01
   7.1898529e-01   8.1199289e-01   9.7765616e-01
   7.2404137e-01   8.1491039e-01   9.7565097e-01
   7.2896958e-01   8.1746414e-01   9.7318767e-01
   7.3389779e-01   8.2001788e-01   9.7072437e-01
   7.3882599e-01   8.2257162e-01   9.6826106e-01
   7.4375420e-01   8.2512536e-01   9.6579776e-01
   7.4868241e-01   8.2767911e-01   9.6333446e-01
   7.5361062e-01   8.3023285e-01   9.6087116e-01
   7.5853883e-01   8.3278659e-01   9.5840785e-01
   7.6336278e-01   8.3509222e-01   9.5565768e-01
   7.6803436e-01   8.3703522e-01   9.5248822e-01
   7.7270595e-01   8.3897822e-01   9.4931876e-01
   7.7737753e-01   8.4092121e-01   9.4614930e-01
   7.8204912e-01   8.4286421e-01   9.4297984e-01
   7.8672070e-01   8.4480721e-01   9.3981038e-01
   7.9139229e-01   8.4675021e-01   9.3664093e-01
   7.9606387e-01   8.4869321e-01   9.3347147e-01
   8.0060085e-01   8.5035832e-01   9.3000756e-01
   8.0496476e-01   8.5166616e-01   9.2616507e-01
   8.0932867e-01   8.5297400e-01   9.2232259e-01
   8.1369258e-01   8.5428184e-01   9.1848010e-01
   8.1805649e-01   8.5558968e-01   9.1463762e-01
   8.2242040e-01   8.5689752e-01   9.1079513e-01
   8.2678432e-01   8.5820536e-01   9.0695264e-01
   8.3114823e-01   8.5951319e-01   9.0311016e-01
   8.3534471e-01   8.6051400e-01   8.9897041e-01
   8.3935144e-01   8.6116683e-01   8.9449376e-01
   8.4335817e-01   8.6181965e-01   8.9001712e-01
   8.4736491e-01   8.6247248e-01   8.8554047e-01
   8.5137164e-01   8.6312531e-01   8.8106382e-01
   8.5537837e-01   8.6377814e-01   8.7658718e-01
   8.5938510e-01   8.6443097e-01   8.7211053e-01
   8.6339183e-01   8.6508380e-01   8.6763388e-01
   8.6742764e-01   8.6437660e-01   8.6260246e-01
   8.7149251e-01   8.6230938e-01   8.5701626e-01
   8.7555739e-01   8.6024216e-01   8.5143007e-01
   8.7962226e-01   8.5817494e-01   8.4584387e-01
   8.8368714e-01   8.5610772e-01   8.4025767e-01
   8.8775202e-01   8.5404050e-01   8.3467147e-01
   8.9181689e-01   8.5197328e-01   8.2908527e-01
   8.9588177e-01   8.4990606e-01   8.2349908e-01
   8.9954321e-01   8.4750024e-01   8.1778907e-01
   9.0284867e-01   8.4479565e-01   8.1196983e-01
   9.0615413e-01   8.4209107e-01   8.0615059e-01
   9.0945960e-01   8.3938648e-01   8.0033135e-01
   9.1276506e-01   8.3668189e-01   7.9451211e-01
   9.1607053e-01   8.3397731e-01   7.8869287e-01
   9.1937599e-01   8.3127272e-01   7.8287363e-01
   9.2268145e-01   8.2856814e-01   7.7705439e-01
   9.2556342e-01   8.2551730e-01   7.7113631e-01
   9.2811601e-01   8.2219715e-01   7.6514135e-01
   9.3066860e-01   8.1887700e-01   7.5914639e-01
   9.3322118e-01   8.1555685e-01   7.5315143e-01
   9.3577377e-01   8.1223670e-01   7.4715647e-01
   9.3832636e-01   8.0891655e-01   7.4116152e-01
   9.4087894e-01   8.0559640e-01   7.3516656e-01
   9.4343153e-01   8.0227625e-01   7.2917160e-01
   9.4554030e-01   7.9860574e-01   7.2310542e-01
   9.4734540e-01   7.9469550e-01   7.1699051e-01
   9.4915051e-01   7.9078527e-01   7.1087559e-01
   9.5095561e-01   7.8687503e-01   7.0476068e-01
   9.5276072e-01   7.8296480e-01   6.9864577e-01
   9.5456582e-01   7.7905456e-01   6.9253086e-01
   9.5637093e-01   7.7514433e-01   6.8641595e-01
   9.5817603e-01   7.7123409e-01   6.8030104e-01
   9.5951766e-01   7.6697285e-01   6.7414472e-01
   9.6058120e-01   7.6250102e-01   6.6796355e-01
   9.6164474e-01   7.5802918e-01   6.6178238e-01
   9.6270828e-01   7.5355735e-01   6.5560121e-01
   9.6377182e-01   7.4908551e-01   6.4942004e-01
   9.6483536e-01   7.4461367e-01   6.4323888e-01
   9.6589890e-01   7.4014184e-01   6.3705771e-01
   9.6696244e-01   7.3567000e-01   6.3087654e-01
   9.6754430e-01   7.3084972e-01   6.2468548e-01
   9.6787385e-01   7.2584691e-01   6.1848923e-01
   9.6820340e-01   7.2084410e-01   6.1229299e-01
   9.6853295e-01   7.1584129e-01   6.0609675e-01
   9.6886250e-01   7.1083848e-01   5.9990050e-01
   9.6919205e-01   7.0583568e-01   5.9370426e-01
   9.6952160e-01   7.0083287e-01   5.8750802e-01
   9.6985115e-01   6.9583006e-01   5.8131177e-01
   9.6968298e-01   6.9048393e-01   5.7513836e-01
   9.6928857e-01   6.8498175e-01   5.6897533e-01
   9.6889416e-01   6.7947956e-01   5.6281229e-01
   9.6849975e-01   6.7397738e-01   5.5664926e-01
   9.6810534e-01   6.6847520e-01   5.5048622e-01
   9.6771093e-01   6.6297301e-01   5.4432319e-01
   9.6731652e-01   6.5747083e-01   5.3816015e-01
   9.6692210e-01   6.5196865e-01   5.3199712e-01
   9.6601672e-01   6.4612974e-01   5.2589035e-01
   9.6491139e-01   6.4015908e-01   5.1980560e-01
   9.6380606e-01   6.3418841e-01   5.1372085e-01
   9.6270072e-01   6.2821775e-01   5.0763610e-01
   9.6159539e-01   6.2224709e-01   5.0155135e-01
   9.6049006e-01   6.1627642e-01   4.9546660e-01
   9.5938473e-01   6.1030576e-01   4.8938185e-01
   9.5827940e-01   6.0433510e-01   4.8329710e-01
   9.5665321e-01   5.9803382e-01   4.7730229e-01
   9.5485341e-01   5.9162235e-01   4.7133746e-01
   9.5305360e-01   5.8521087e-01   4.6537263e-01
   9.5125379e-01   5.7879939e-01   4.5940781e-01
   9.4945399e-01   5.7238791e-01   4.5344298e-01
   9.4765418e-01   5.6597643e-01   4.4747815e-01
   9.4585438e-01   5.5956496e-01   4.4151332e-01
   9.4405457e-01   5.5315348e-01   4.3554849e-01
   9.4172793e-01   5.4641348e-01   4.2970707e-01
   9.3925377e-01   5.3958149e-01   4.2390020e-01
   9.3677961e-01   5.3274950e-01   4.1809334e-01
   9.3430545e-01   5.2591751e-01   4.1228647e-01
   9.3183130e-01   5.1908552e-01   4.0647961e-01
   9.2935714e-01   5.1225353e-01   4.0067274e-01
   9.2688298e-01   5.0542155e-01   3.9486588e-01
   9.2440882e-01   4.9858956e-01   3.8905901e-01
   9.2140622e-01   4.9142042e-01   3.8340844e-01
   9.1828167e-01   4.8417347e-01   3.7779393e-01
   9.1515712e-01   4.7692653e-01   3.7217941e-01
   9.1203258e-01   4.6967958e-01   3.6656490e-01
   9.0890803e-01   4.6243264e-01   3.6095039e-01
   9.0578348e-01   4.5518569e-01   3.5533588e-01
   9.0265893e-01   4.4793875e-01   3.4972137e-01
   8.9953438e-01   4.4069180e-01   3.4410686e-01
   8.9588459e-01   4.3307456e-01   3.3868063e-01
   8.9213754e-01   4.2538874e-01   3.3328927e-01
   8.8839049e-01   4.1770292e-01   3.2789791e-01
   8.8464344e-01   4.1001710e-01   3.2250655e-01
   8.8089639e-01   4.0233128e-01   3.1711519e-01
   8.7714933e-01   3.9464546e-01   3.1172383e-01
   8.7340228e-01   3.8695964e-01   3.0633246e-01
   8.6965523e-01   3.7927382e-01   3.0094110e-01
   8.6539133e-01   3.7112767e-01   2.9576896e-01
   8.6105360e-01   3.6291576e-01   2.9062813e-01
   8.5671587e-01   3.5470386e-01   2.8548730e-01
   8.5237814e-01   3.4649195e-01   2.8034647e-01
   8.4804040e-01   3.3828004e-01   2.7520564e-01
   8.4370267e-01   3.3006813e-01   2.7006481e-01
   8.3936494e-01   3.2185622e-01   2.6492398e-01
   8.3502720e-01   3.1364431e-01   2.5978315e-01
   8.3018652e-01   3.0473276e-01   2.5489143e-01
   8.2529381e-01   2.9574884e-01   2.5002547e-01
   8.2040110e-01   2.8676491e-01   2.4515952e-01
   8.1550839e-01   2.7778099e-01   2.4029357e-01
   8.1061567e-01   2.6879706e-01   2.3542761e-01
   8.0572296e-01   2.5981314e-01   2.3056166e-01
   8.0083025e-01   2.5082921e-01   2.2569570e-01
   7.9593754e-01   2.4184529e-01   2.2082975e-01
   7.9056153e-01   2.3139700e-01   2.1624204e-01
   7.8515330e-01   2.2085109e-01   2.1167288e-01
   7.7974508e-01   2.1030518e-01   2.0710372e-01
   7.7433685e-01   1.9975927e-01   2.0253455e-01
   7.6892862e-01   1.8921336e-01   1.9796539e-01
   7.6352040e-01   1.7866745e-01   1.9339623e-01
   7.5811217e-01   1.6812154e-01   1.8882707e-01
   7.5270394e-01   1.5757563e-01   1.8425791e-01
   7.4683801e-01   1.4002102e-01   1.7999610e-01
   7.4095732e-01   1.2224033e-01   1.7574420e-01
   7.3507663e-01   1.0445963e-01   1.7149230e-01
   7.2919593e-01   8.6678937e-02   1.6724040e-01
   7.2331524e-01   6.8898243e-02   1.6298851e-01
   7.1743454e-01   5.1117548e-02   1.5873661e-01
   7.1155385e-01   3.3336854e-02   1.5448471e-01
   7.0567316e-01   1.5556160e-02   1.5023281e-01
