   0.0000000e+00   0.0000000e+00   0.0000000e+00
   4.8442895e-03   3.0635294e-03   1.9509804e-03
   9.6885790e-03   6.1270588e-03   3.9019608e-03
   1.4532869e-02   9.1905882e-03   5.8529412e-03
   1.9377158e-02   1.2254118e-02   7.8039216e-03
   2.4221448e-02   1.5317647e-02   9.7549020e-03
   2.9065737e-02   1.8381176e-02   1.1705882e-02
   3.3910027e-02   2.1444706e-02   1.3656863e-02
   3.8754316e-02   2.4508235e-02   1.5607843e-02
   4.3598606e-02   2.7571765e-02   1.7558824e-02
   4.8442895e-02   3.0635294e-02   1.9509804e-02
   5.3287185e-02   3.3698824e-02   2.1460784e-02
   5.8131474e-02   3.6762353e-02   2.3411765e-02
   6.2975764e-02   3.9825882e-02   2.5362745e-02
   6.7820053e-02   4.2889412e-02   2.7313725e-02
   7.2664343e-02   4.5952941e-02   2.9264706e-02
   7.7508632e-02   4.9016471e-02   3.1215686e-02
   8.2352922e-02   5.2080000e-02   3.3166667e-02
   8.7197211e-02   5.5143529e-02   3.5117647e-02
   9.2041501e-02   5.8207059e-02   3.7068627e-02
   9.6885790e-02   6.1270588e-02   3.9019608e-02
   1.0173008e-01   6.4334118e-02   4.0970588e-02
   1.0657437e-01   6.7397647e-02   4.2921569e-02
   1.1141866e-01   7.0461176e-02   4.4872549e-02
   1.1626295e-01   7.3524706e-02   4.6823529e-02
   1.2110724e-01   7.6588235e-02   4.8774510e-02
   1.2595153e-01   7.9651765e-02   5.0725490e-02
   1.3079582e-01   8.2715294e-02   5.2676471e-02
   1.3564011e-01   8.5778824e-02   5.4627451e-02
   1.4048440e-01   8.8842353e-02   5.6578431e-02
   1.4532869e-01   9.1905882e-02   5.8529412e-02
   1.5017298e-01   9.4969412e-02   6.0480392e-02
   1.5501726e-01   9.8032941e-02   6.2431373e-02
   1.5986155e-01   1.0109647e-01   6.4382353e-02
   1.6470584e-01   1.0416000e-01   6.6333333e-02
   1.6955013e-01   1.0722353e-01   6.8284314e-02
   1.7439442e-01   1.1028706e-01   7.0235294e-02
   1.7923871e-01   1.1335059e-01   7.2186275e-02
   1.8408300e-01   1.1641412e-01   7.4137255e-02
   1.8892729e-01   1.1947765e-01   7.6088235e-02
   1.9377158e-01   1.2254118e-01   7.8039216e-02
   1.9861587e-01   1.2560471e-01   7.9990196e-02
   2.0346016e-01   1.2866824e-01   8.1941176e-02
   2.0830445e-01   1.3173176e-01   8.3892157e-02
   2.1314874e-01   1.3479529e-01   8.5843137e-02
   2.1799303e-01   1.3785882e-01   8.7794118e-02
   2.2283732e-01   1.4092235e-01   8.9745098e-02
   2.2768161e-01   1.4398588e-01   9.1696078e-02
   2.3252590e-01   1.4704941e-01   9.3647059e-02
   2.3737019e-01   1.5011294e-01   9.5598039e-02
   2.4221448e-01   1.5317647e-01   9.7549020e-02
   2.4705877e-01   1.5624000e-01   9.9500000e-02
   2.5190305e-01   1.5930353e-01   1.0145098e-01
   2.5674734e-01   1.6236706e-01   1.0340196e-01
   2.6159163e-01   1.6543059e-01   1.0535294e-01
   2.6643592e-01   1.6849412e-01   1.0730392e-01
   2.7128021e-01   1.7155765e-01   1.0925490e-01
   2.7612450e-01   1.7462118e-01   1.1120588e-01
   2.8096879e-01   1.7768471e-01   1.1315686e-01
   2.8581308e-01   1.8074824e-01   1.1510784e-01
   2.9065737e-01   1.8381176e-01   1.1705882e-01
   2.9550166e-01   1.8687529e-01   1.1900980e-01
   3.0034595e-01   1.8993882e-01   1.2096078e-01
   3.0519024e-01   1.9300235e-01   1.2291176e-01
   3.1003453e-01   1.9606588e-01   1.2486275e-01
   3.1487882e-01   1.9912941e-01   1.2681373e-01
   3.1972311e-01   2.0219294e-01   1.2876471e-01
   3.2456740e-01   2.0525647e-01   1.3071569e-01
   3.2941169e-01   2.0832000e-01   1.3266667e-01
   3.3425598e-01   2.1138353e-01   1.3461765e-01
   3.3910027e-01   2.1444706e-01   1.3656863e-01
   3.4394456e-01   2.1751059e-01   1.3851961e-01
   3.4878885e-01   2.2057412e-01   1.4047059e-01
   3.5363313e-01   2.2363765e-01   1.4242157e-01
   3.5847742e-01   2.2670118e-01   1.4437255e-01
   3.6332171e-01   2.2976471e-01   1.4632353e-01
   3.6816600e-01   2.3282824e-01   1.4827451e-01
   3.7301029e-01   2.3589176e-01   1.5022549e-01
   3.7785458e-01   2.3895529e-01   1.5217647e-01
   3.8269887e-01   2.4201882e-01   1.5412745e-01
   3.8754316e-01   2.4508235e-01   1.5607843e-01
   3.9238745e-01   2.4814588e-01   1.5802941e-01
   3.9723174e-01   2.5120941e-01   1.5998039e-01
   4.0207603e-01   2.5427294e-01   1.6193137e-01
   4.0692032e-01   2.5733647e-01   1.6388235e-01
   4.1176461e-01   2.6040000e-01   1.6583333e-01
   4.1660890e-01   2.6346353e-01   1.6778431e-01
   4.2145319e-01   2.6652706e-01   1.6973529e-01
   4.2629748e-01   2.6959059e-01   1.7168627e-01
   4.3114177e-01   2.7265412e-01   1.7363725e-01
   4.3598606e-01   2.7571765e-01   1.7558824e-01
   4.4083035e-01   2.7878118e-01   1.7753922e-01
   4.4567464e-01   2.8184471e-01   1.7949020e-01
   4.5051893e-01   2.8490824e-01   1.8144118e-01
   4.5536321e-01   2.8797176e-01   1.8339216e-01
   4.6020750e-01   2.9103529e-01   1.8534314e-01
   4.6505179e-01   2.9409882e-01   1.8729412e-01
   4.6989608e-01   2.9716235e-01   1.8924510e-01
   4.7474037e-01   3.0022588e-01   1.9119608e-01
   4.7958466e-01   3.0328941e-01   1.9314706e-01
   4.8442895e-01   3.0635294e-01   1.9509804e-01
   4.8927324e-01   3.0941647e-01   1.9704902e-01
   4.9411753e-01   3.1248000e-01   1.9900000e-01
   4.9896182e-01   3.1554353e-01   2.0095098e-01
   5.0380611e-01   3.1860706e-01   2.0290196e-01
   5.0865040e-01   3.2167059e-01   2.0485294e-01
   5.1349469e-01   3.2473412e-01   2.0680392e-01
   5.1833898e-01   3.2779765e-01   2.0875490e-01
   5.2318327e-01   3.3086118e-01   2.1070588e-01
   5.2802756e-01   3.3392471e-01   2.1265686e-01
   5.3287185e-01   3.3698824e-01   2.1460784e-01
   5.3771614e-01   3.4005176e-01   2.1655882e-01
   5.4256043e-01   3.4311529e-01   2.1850980e-01
   5.4740472e-01   3.4617882e-01   2.2046078e-01
   5.5224901e-01   3.4924235e-01   2.2241176e-01
   5.5709329e-01   3.5230588e-01   2.2436275e-01
   5.6193758e-01   3.5536941e-01   2.2631373e-01
   5.6678187e-01   3.5843294e-01   2.2826471e-01
   5.7162616e-01   3.6149647e-01   2.3021569e-01
   5.7647045e-01   3.6456000e-01   2.3216667e-01
   5.8131474e-01   3.6762353e-01   2.3411765e-01
   5.8615903e-01   3.7068706e-01   2.3606863e-01
   5.9100332e-01   3.7375059e-01   2.3801961e-01
   5.9584761e-01   3.7681412e-01   2.3997059e-01
   6.0069190e-01   3.7987765e-01   2.4192157e-01
   6.0553619e-01   3.8294118e-01   2.4387255e-01
   6.1038048e-01   3.8600471e-01   2.4582353e-01
   6.1522477e-01   3.8906824e-01   2.4777451e-01
   6.2006906e-01   3.9213176e-01   2.4972549e-01
   6.2491335e-01   3.9519529e-01   2.5167647e-01
   6.2975764e-01   3.9825882e-01   2.5362745e-01
   6.3460193e-01   4.0132235e-01   2.5557843e-01
   6.3944622e-01   4.0438588e-01   2.5752941e-01
   6.4429051e-01   4.0744941e-01   2.5948039e-01
   6.4913480e-01   4.1051294e-01   2.6143137e-01
   6.5397908e-01   4.1357647e-01   2.6338235e-01
   6.5882337e-01   4.1664000e-01   2.6533333e-01
   6.6366766e-01   4.1970353e-01   2.6728431e-01
   6.6851195e-01   4.2276706e-01   2.6923529e-01
   6.7335624e-01   4.2583059e-01   2.7118627e-01
   6.7820053e-01   4.2889412e-01   2.7313725e-01
   6.8304482e-01   4.3195765e-01   2.7508824e-01
   6.8788911e-01   4.3502118e-01   2.7703922e-01
   6.9273340e-01   4.3808471e-01   2.7899020e-01
   6.9757769e-01   4.4114824e-01   2.8094118e-01
   7.0242198e-01   4.4421176e-01   2.8289216e-01
   7.0726627e-01   4.4727529e-01   2.8484314e-01
   7.1211056e-01   4.5033882e-01   2.8679412e-01
   7.1695485e-01   4.5340235e-01   2.8874510e-01
   7.2179914e-01   4.5646588e-01   2.9069608e-01
   7.2664343e-01   4.5952941e-01   2.9264706e-01
   7.3148772e-01   4.6259294e-01   2.9459804e-01
   7.3633201e-01   4.6565647e-01   2.9654902e-01
   7.4117630e-01   4.6872000e-01   2.9850000e-01
   7.4602059e-01   4.7178353e-01   3.0045098e-01
   7.5086488e-01   4.7484706e-01   3.0240196e-01
   7.5570916e-01   4.7791059e-01   3.0435294e-01
   7.6055345e-01   4.8097412e-01   3.0630392e-01
   7.6539774e-01   4.8403765e-01   3.0825490e-01
   7.7024203e-01   4.8710118e-01   3.1020588e-01
   7.7508632e-01   4.9016471e-01   3.1215686e-01
   7.7993061e-01   4.9322824e-01   3.1410784e-01
   7.8477490e-01   4.9629176e-01   3.1605882e-01
   7.8961919e-01   4.9935529e-01   3.1800980e-01
   7.9446348e-01   5.0241882e-01   3.1996078e-01
   7.9930777e-01   5.0548235e-01   3.2191176e-01
   8.0415206e-01   5.0854588e-01   3.2386275e-01
   8.0899635e-01   5.1160941e-01   3.2581373e-01
   8.1384064e-01   5.1467294e-01   3.2776471e-01
   8.1868493e-01   5.1773647e-01   3.2971569e-01
   8.2352922e-01   5.2080000e-01   3.3166667e-01
   8.2837351e-01   5.2386353e-01   3.3361765e-01
   8.3321780e-01   5.2692706e-01   3.3556863e-01
   8.3806209e-01   5.2999059e-01   3.3751961e-01
   8.4290638e-01   5.3305412e-01   3.3947059e-01
   8.4775067e-01   5.3611765e-01   3.4142157e-01
   8.5259496e-01   5.3918118e-01   3.4337255e-01
   8.5743924e-01   5.4224471e-01   3.4532353e-01
   8.6228353e-01   5.4530824e-01   3.4727451e-01
   8.6712782e-01   5.4837176e-01   3.4922549e-01
   8.7197211e-01   5.5143529e-01   3.5117647e-01
   8.7681640e-01   5.5449882e-01   3.5312745e-01
   8.8166069e-01   5.5756235e-01   3.5507843e-01
   8.8650498e-01   5.6062588e-01   3.5702941e-01
   8.9134927e-01   5.6368941e-01   3.5898039e-01
   8.9619356e-01   5.6675294e-01   3.6093137e-01
   9.0103785e-01   5.6981647e-01   3.6288235e-01
   9.0588214e-01   5.7288000e-01   3.6483333e-01
   9.1072643e-01   5.7594353e-01   3.6678431e-01
   9.1557072e-01   5.7900706e-01   3.6873529e-01
   9.2041501e-01   5.8207059e-01   3.7068627e-01
   9.2525930e-01   5.8513412e-01   3.7263725e-01
   9.3010359e-01   5.8819765e-01   3.7458824e-01
   9.3494788e-01   5.9126118e-01   3.7653922e-01
   9.3979217e-01   5.9432471e-01   3.7849020e-01
   9.4463646e-01   5.9738824e-01   3.8044118e-01
   9.4948075e-01   6.0045176e-01   3.8239216e-01
   9.5432503e-01   6.0351529e-01   3.8434314e-01
   9.5916932e-01   6.0657882e-01   3.8629412e-01
   9.6401361e-01   6.0964235e-01   3.8824510e-01
   9.6885790e-01   6.1270588e-01   3.9019608e-01
   9.7370219e-01   6.1576941e-01   3.9214706e-01
   9.7854648e-01   6.1883294e-01   3.9409804e-01
   9.8339077e-01   6.2189647e-01   3.9604902e-01
   9.8823506e-01   6.2496000e-01   3.9800000e-01
   9.9307935e-01   6.2802353e-01   3.9995098e-01
   9.9792364e-01   6.3108706e-01   4.0190196e-01
   1.0000000e+00   6.3415059e-01   4.0385294e-01
   1.0000000e+00   6.3721412e-01   4.0580392e-01
   1.0000000e+00   6.4027765e-01   4.0775490e-01
   1.0000000e+00   6.4334118e-01   4.0970588e-01
   1.0000000e+00   6.4640471e-01   4.1165686e-01
   1.0000000e+00   6.4946824e-01   4.1360784e-01
   1.0000000e+00   6.5253176e-01   4.1555882e-01
   1.0000000e+00   6.5559529e-01   4.1750980e-01
   1.0000000e+00   6.5865882e-01   4.1946078e-01
   1.0000000e+00   6.6172235e-01   4.2141176e-01
   1.0000000e+00   6.6478588e-01   4.2336275e-01
   1.0000000e+00   6.6784941e-01   4.2531373e-01
   1.0000000e+00   6.7091294e-01   4.2726471e-01
   1.0000000e+00   6.7397647e-01   4.2921569e-01
   1.0000000e+00   6.7704000e-01   4.3116667e-01
   1.0000000e+00   6.8010353e-01   4.3311765e-01
   1.0000000e+00   6.8316706e-01   4.3506863e-01
   1.0000000e+00   6.8623059e-01   4.3701961e-01
   1.0000000e+00   6.8929412e-01   4.3897059e-01
   1.0000000e+00   6.9235765e-01   4.4092157e-01
   1.0000000e+00   6.9542118e-01   4.4287255e-01
   1.0000000e+00   6.9848471e-01   4.4482353e-01
   1.0000000e+00   7.0154824e-01   4.4677451e-01
   1.0000000e+00   7.0461176e-01   4.4872549e-01
   1.0000000e+00   7.0767529e-01   4.5067647e-01
   1.0000000e+00   7.1073882e-01   4.5262745e-01
   1.0000000e+00   7.1380235e-01   4.5457843e-01
   1.0000000e+00   7.1686588e-01   4.5652941e-01
   1.0000000e+00   7.1992941e-01   4.5848039e-01
   1.0000000e+00   7.2299294e-01   4.6043137e-01
   1.0000000e+00   7.2605647e-01   4.6238235e-01
   1.0000000e+00   7.2912000e-01   4.6433333e-01
   1.0000000e+00   7.3218353e-01   4.6628431e-01
   1.0000000e+00   7.3524706e-01   4.6823529e-01
   1.0000000e+00   7.3831059e-01   4.7018627e-01
   1.0000000e+00   7.4137412e-01   4.7213725e-01
   1.0000000e+00   7.4443765e-01   4.7408824e-01
   1.0000000e+00   7.4750118e-01   4.7603922e-01
   1.0000000e+00   7.5056471e-01   4.7799020e-01
   1.0000000e+00   7.5362824e-01   4.7994118e-01
   1.0000000e+00   7.5669176e-01   4.8189216e-01
   1.0000000e+00   7.5975529e-01   4.8384314e-01
   1.0000000e+00   7.6281882e-01   4.8579412e-01
   1.0000000e+00   7.6588235e-01   4.8774510e-01
   1.0000000e+00   7.6894588e-01   4.8969608e-01
   1.0000000e+00   7.7200941e-01   4.9164706e-01
   1.0000000e+00   7.7507294e-01   4.9359804e-01
   1.0000000e+00   7.7813647e-01   4.9554902e-01
   1.0000000e+00   7.8120000e-01   4.9750000e-01
