   0.0000000e+00   0.0000000e+00   0.0000000e+00
   6.7162947e-03   2.1185744e-03   5.9702329e-03
   1.3252415e-02   4.2874990e-03   1.2161789e-02
   1.9599198e-02   6.5136013e-03   1.8563039e-02
   2.5748104e-02   8.8034823e-03   2.5161867e-02
   3.1691233e-02   1.1163503e-02   3.1945702e-02
   3.7421338e-02   1.3599770e-02   3.8901554e-02
   4.2931835e-02   1.6118124e-02   4.6016046e-02
   4.8216818e-02   1.8724128e-02   5.3275454e-02
   5.3271065e-02   2.1423055e-02   6.0665737e-02
   5.8090045e-02   2.4219877e-02   6.8172581e-02
   6.2669926e-02   2.7119257e-02   7.5781427e-02
   6.7007578e-02   3.0125539e-02   8.3477515e-02
   7.1100575e-02   3.3242739e-02   9.1245918e-02
   7.4947197e-02   3.6474538e-02   9.9071581e-02
   7.8546430e-02   3.9824276e-02   1.0693935e-01
   8.1897962e-02   4.3294947e-02   1.1483404e-01
   8.5002183e-02   4.6889189e-02   1.2274041e-01
   8.7860176e-02   5.0609286e-02   1.3064328e-01
   9.0473711e-02   5.4457161e-02   1.3852749e-01
   9.2845240e-02   5.8434373e-02   1.4637799e-01
   9.4977884e-02   6.2542118e-02   1.5417987e-01
   9.6875423e-02   6.6781224e-02   1.6191837e-01
   9.8542284e-02   7.1152156e-02   1.6957892e-01
   9.9983527e-02   7.5655011e-02   1.7714720e-01
   1.0120483e-01   8.0289523e-02   1.8460915e-01
   1.0221247e-01   8.5055065e-02   1.9195101e-01
   1.0301332e-01   8.9950652e-02   1.9915935e-01
   1.0361480e-01   9.4974943e-02   2.0622111e-01
   1.0402487e-01   1.0012625e-01   2.1312360e-01
   1.0425206e-01   1.0540253e-01   2.1985457e-01
   1.0430533e-01   1.1080141e-01   2.2640221e-01
   1.0419419e-01   1.1632019e-01   2.3275520e-01
   1.0392855e-01   1.2195584e-01   2.3890271e-01
   1.0351877e-01   1.2770501e-01   2.4483442e-01
   1.0297563e-01   1.3356404e-01   2.5054059e-01
   1.0231025e-01   1.3952899e-01   2.5601203e-01
   1.0153413e-01   1.4559561e-01   2.6124015e-01
   1.0065909e-01   1.5175939e-01   2.6621695e-01
   9.9697208e-02   1.5801555e-01   2.7093509e-01
   9.8660869e-02   1.6435904e-01   2.7538784e-01
   9.7562667e-02   1.7078460e-01   2.7956915e-01
   9.6415406e-02   1.7728672e-01   2.8347363e-01
   9.5232064e-02   1.8385967e-01   2.8709658e-01
   9.4025758e-02   1.9049753e-01   2.9043400e-01
   9.2809722e-02   1.9719420e-01   2.9348255e-01
   9.1597266e-02   2.0394338e-01   2.9623966e-01
   9.0401751e-02   2.1073864e-01   2.9870342e-01
   8.9236559e-02   2.1757339e-01   3.0087266e-01
   8.8115055e-02   2.2444092e-01   3.0274694e-01
   8.7050564e-02   2.3133440e-01   3.0432651e-01
   8.6056336e-02   2.3824692e-01   3.0561236e-01
   8.5145515e-02   2.4517148e-01   3.0660620e-01
   8.4331112e-02   2.5210100e-01   3.0731042e-01
   8.3625971e-02   2.5902838e-01   3.0772816e-01
   8.3042744e-02   2.6594646e-01   3.0786323e-01
   8.2593860e-02   2.7284811e-01   3.0772012e-01
   8.2291494e-02   2.7972614e-01   3.0730404e-01
   8.2147546e-02   2.8657343e-01   3.0662082e-01
   8.2173607e-02   2.9338286e-01   3.0567699e-01
   8.2380938e-02   3.0014738e-01   3.0447968e-01
   8.2780440e-02   3.0685999e-01   3.0303667e-01
   8.3382632e-02   3.1351379e-01   3.0135634e-01
   8.4197630e-02   3.2010196e-01   2.9944764e-01
   8.5235116e-02   3.2661779e-01   2.9732013e-01
   8.6504324e-02   3.3305472e-01   2.9498387e-01
   8.8014016e-02   3.3940631e-01   2.9244948e-01
   8.9772461e-02   3.4566628e-01   2.8972807e-01
   9.1787418e-02   3.5182853e-01   2.8683122e-01
   9.4066118e-02   3.5788714e-01   2.8377097e-01
   9.6615249e-02   3.6383638e-01   2.8055979e-01
   9.9440936e-02   3.6967075e-01   2.7721054e-01
   1.0254873e-01   3.7538494e-01   2.7373645e-01
   1.0594361e-01   3.8097390e-01   2.7015111e-01
   1.0962993e-01   3.8643282e-01   2.6646841e-01
   1.1361146e-01   3.9175715e-01   2.6270251e-01
   1.1789135e-01   3.9694260e-01   2.5886784e-01
   1.2247210e-01   4.0198515e-01   2.5497905e-01
   1.2735562e-01   4.0688108e-01   2.5105097e-01
   1.3254315e-01   4.1162695e-01   2.4709860e-01
   1.3803532e-01   4.1621964e-01   2.4313706e-01
   1.4383209e-01   4.2065631e-01   2.3918156e-01
   1.4993281e-01   4.2493447e-01   2.3524736e-01
   1.5633615e-01   4.2905192e-01   2.3134977e-01
   1.6304018e-01   4.3300681e-01   2.2750409e-01
   1.7004232e-01   4.3679760e-01   2.2372556e-01
   1.7733935e-01   4.4042309e-01   2.2002937e-01
   1.8492744e-01   4.4388242e-01   2.1643060e-01
   1.9280214e-01   4.4717507e-01   2.1294420e-01
   2.0095838e-01   4.5030085e-01   2.0958494e-01
   2.0939050e-01   4.5325994e-01   2.0636741e-01
   2.1809226e-01   4.5605282e-01   2.0330595e-01
   2.2705684e-01   4.5868035e-01   2.0041466e-01
   2.3627686e-01   4.6114369e-01   1.9770732e-01
   2.4574438e-01   4.6344437e-01   1.9519742e-01
   2.5545096e-01   4.6558424e-01   1.9289808e-01
   2.6538762e-01   4.6756549e-01   1.9082206e-01
   2.7554490e-01   4.6939062e-01   1.8898171e-01
   2.8591286e-01   4.7106247e-01   1.8738894e-01
   2.9648111e-01   4.7258417e-01   1.8605521e-01
   3.0723882e-01   4.7395920e-01   1.8499150e-01
   3.1817476e-01   4.7519131e-01   1.8420830e-01
   3.2927729e-01   4.7628456e-01   1.8371555e-01
   3.4053444e-01   4.7724328e-01   1.8352267e-01
   3.5193386e-01   4.7807211e-01   1.8363848e-01
   3.6346292e-01   4.7877593e-01   1.8407125e-01
   3.7510867e-01   4.7935989e-01   1.8482862e-01
   3.8685793e-01   4.7982939e-01   1.8591761e-01
   3.9869726e-01   4.8019008e-01   1.8734464e-01
   4.1061303e-01   4.8044781e-01   1.8911543e-01
   4.2259141e-01   4.8060865e-01   1.9123507e-01
   4.3461844e-01   4.8067890e-01   1.9370799e-01
   4.4668002e-01   4.8066502e-01   1.9653790e-01
   4.5876198e-01   4.8057366e-01   1.9972785e-01
   4.7085005e-01   4.8041162e-01   2.0328019e-01
   4.8292996e-01   4.8018587e-01   2.0719656e-01
   4.9498741e-01   4.7990349e-01   2.1147789e-01
   5.0700814e-01   4.7957169e-01   2.1612443e-01
   5.1897793e-01   4.7919780e-01   2.2113568e-01
   5.3088264e-01   4.7878921e-01   2.2651048e-01
   5.4270827e-01   4.7835342e-01   2.3224691e-01
   5.5444091e-01   4.7789797e-01   2.3834240e-01
   5.6606687e-01   4.7743043e-01   2.4479365e-01
   5.7757262e-01   4.7695843e-01   2.5159669e-01
   5.8894486e-01   4.7648960e-01   2.5874684e-01
   6.0017055e-01   4.7603156e-01   2.6623878e-01
   6.1123694e-01   4.7559192e-01   2.7406651e-01
   6.2213155e-01   4.7517826e-01   2.8222337e-01
   6.3284225e-01   4.7479811e-01   2.9070209e-01
   6.4335727e-01   4.7445892e-01   2.9949476e-01
   6.5366520e-01   4.7416809e-01   3.0859287e-01
   6.6375505e-01   4.7393289e-01   3.1798731e-01
   6.7361625e-01   4.7376051e-01   3.2766843e-01
   6.8323866e-01   4.7365801e-01   3.3762600e-01
   6.9261263e-01   4.7363229e-01   3.4784927e-01
   7.0172898e-01   4.7369013e-01   3.5832700e-01
   7.1057903e-01   4.7383812e-01   3.6904744e-01
   7.1915464e-01   4.7408268e-01   3.7999839e-01
   7.2744820e-01   4.7443003e-01   3.9116724e-01
   7.3545265e-01   4.7488619e-01   4.0254094e-01
   7.4316150e-01   4.7545697e-01   4.1410607e-01
   7.5056885e-01   4.7614793e-01   4.2584886e-01
   7.5766938e-01   4.7696440e-01   4.3775521e-01
   7.6445837e-01   4.7791147e-01   4.4981073e-01
   7.7093175e-01   4.7899395e-01   4.6200075e-01
   7.7708602e-01   4.8021638e-01   4.7431038e-01
   7.8291834e-01   4.8158303e-01   4.8672452e-01
   7.8842650e-01   4.8309788e-01   4.9922789e-01
   7.9360891e-01   4.8476459e-01   5.1180507e-01
   7.9846465e-01   4.8658654e-01   5.2444054e-01
   8.0299341e-01   4.8856680e-01   5.3711869e-01
   8.0719555e-01   4.9070809e-01   5.4982385e-01
   8.1107205e-01   4.9301285e-01   5.6254037e-01
   8.1462453e-01   4.9548317e-01   5.7525259e-01
   8.1785526e-01   4.9812079e-01   5.8794492e-01
   8.2076712e-01   5.0092715e-01   6.0060184e-01
   8.2336363e-01   5.0390334e-01   6.1320795e-01
   8.2564890e-01   5.0705009e-01   6.2574800e-01
   8.2762767e-01   5.1036783e-01   6.3820691e-01
   8.2930525e-01   5.1385660e-01   6.5056982e-01
   8.3068757e-01   5.1751613e-01   6.6282210e-01
   8.3178109e-01   5.2134581e-01   6.7494941e-01
   8.3259285e-01   5.2534468e-01   6.8693769e-01
   8.3313042e-01   5.2951144e-01   6.9877323e-01
   8.3340190e-01   5.3384447e-01   7.1044265e-01
   8.3341590e-01   5.3834182e-01   7.2193298e-01
   8.3318149e-01   5.4300120e-01   7.3323166e-01
   8.3270825e-01   5.4782002e-01   7.4432656e-01
   8.3200618e-01   5.5279535e-01   7.5520602e-01
   8.3108571e-01   5.5792399e-01   7.6585887e-01
   8.2995768e-01   5.6320240e-01   7.7627444e-01
   8.2863330e-01   5.6862678e-01   7.8644262e-01
   8.2712414e-01   5.7419302e-01   7.9635382e-01
   8.2544210e-01   5.7989676e-01   8.0599904e-01
   8.2359939e-01   5.8573335e-01   8.1536988e-01
   8.2160848e-01   5.9169790e-01   8.2445853e-01
   8.1948211e-01   5.9778527e-01   8.3325784e-01
   8.1723324e-01   6.0399010e-01   8.4176125e-01
   8.1487502e-01   6.1030680e-01   8.4996291e-01
   8.1242076e-01   6.1672956e-01   8.5785758e-01
   8.0988392e-01   6.2325238e-01   8.6544075e-01
   8.0727807e-01   6.2986910e-01   8.7270856e-01
   8.0461683e-01   6.3657336e-01   8.7965784e-01
   8.0191391e-01   6.4335865e-01   8.8628615e-01
   7.9918302e-01   6.5021834e-01   8.9259172e-01
   7.9643785e-01   6.5714566e-01   8.9857351e-01
   7.9369206e-01   6.6413372e-01   9.0423118e-01
   7.9095924e-01   6.7117555e-01   9.0956510e-01
   7.8825288e-01   6.7826408e-01   9.1457635e-01
   7.8558632e-01   6.8539220e-01   9.1926669e-01
   7.8297278e-01   6.9255273e-01   9.2363862e-01
   7.8042524e-01   6.9973847e-01   9.2769531e-01
   7.7795652e-01   7.0694219e-01   9.3144061e-01
   7.7557914e-01   7.1415668e-01   9.3487906e-01
   7.7330539e-01   7.2137471e-01   9.3801587e-01
   7.7114722e-01   7.2858912e-01   9.4085688e-01
   7.6911629e-01   7.3579276e-01   9.4340861e-01
   7.6722388e-01   7.4297858e-01   9.4567816e-01
   7.6548090e-01   7.5013959e-01   9.4767329e-01
   7.6389785e-01   7.5726888e-01   9.4940230e-01
   7.6248483e-01   7.6435967e-01   9.5087411e-01
   7.6125145e-01   7.7140532e-01   9.5209816e-01
   7.6020688e-01   7.7839929e-01   9.5308443e-01
   7.5935978e-01   7.8533522e-01   9.5384343e-01
   7.5871830e-01   7.9220693e-01   9.5438612e-01
   7.5829007e-01   7.9900841e-01   9.5472395e-01
   7.5808215e-01   8.0573384e-01   9.5486878e-01
   7.5810106e-01   8.1237763e-01   9.5483289e-01
   7.5835272e-01   8.1893441e-01   9.5462894e-01
   7.5884247e-01   8.2539904e-01   9.5426993e-01
   7.5957502e-01   8.3176662e-01   9.5376919e-01
   7.6055449e-01   8.3803255e-01   9.5314034e-01
   7.6178436e-01   8.4419246e-01   9.5239723e-01
   7.6326745e-01   8.5024228e-01   9.5155398e-01
   7.6500596e-01   8.5617823e-01   9.5062486e-01
   7.6700144e-01   8.6199684e-01   9.4962434e-01
   7.6925477e-01   8.6769493e-01   9.4856697e-01
   7.7176618e-01   8.7326966e-01   9.4746744e-01
   7.7453523e-01   8.7871849e-01   9.4634047e-01
   7.7756084e-01   8.8403925e-01   9.4520080e-01
   7.8084124e-01   8.8923007e-01   9.4406317e-01
   7.8437402e-01   8.9428945e-01   9.4294226e-01
   7.8815612e-01   8.9921620e-01   9.4185269e-01
   7.9218384e-01   9.0400953e-01   9.4080894e-01
   7.9645280e-01   9.0866897e-01   9.3982535e-01
   8.0095805e-01   9.1319442e-01   9.3891607e-01
   8.0569396e-01   9.1758613e-01   9.3809503e-01
   8.1065433e-01   9.2184471e-01   9.3737590e-01
   8.1583234e-01   9.2597112e-01   9.3677208e-01
   8.2122060e-01   9.2996670e-01   9.3629662e-01
   8.2681114e-01   9.3383311e-01   9.3596224e-01
   8.3259547e-01   9.3757240e-01   9.3578125e-01
   8.3856452e-01   9.4118694e-01   9.3576556e-01
   8.4470875e-01   9.4467945e-01   9.3592664e-01
   8.5101811e-01   9.4805300e-01   9.3627545e-01
   8.5748208e-01   9.5131097e-01   9.3682247e-01
   8.6408969e-01   9.5445710e-01   9.3757764e-01
   8.7082957e-01   9.5749542e-01   9.3855033e-01
   8.7768994e-01   9.6043029e-01   9.3974933e-01
   8.8465863e-01   9.6326636e-01   9.4118281e-01
   8.9172316e-01   9.6600857e-01   9.4285832e-01
   8.9887072e-01   9.6866216e-01   9.4478274e-01
   9.0608821e-01   9.7123262e-01   9.4696227e-01
   9.1336230e-01   9.7372572e-01   9.4940243e-01
   9.2067941e-01   9.7614746e-01   9.5210800e-01
   9.2802578e-01   9.7850408e-01   9.5508305e-01
   9.3538749e-01   9.8080204e-01   9.5833089e-01
   9.4275049e-01   9.8304801e-01   9.6185407e-01
   9.5010063e-01   9.8524884e-01   9.6565439e-01
   9.5742373e-01   9.8741158e-01   9.6973283e-01
   9.6470553e-01   9.8954342e-01   9.7408962e-01
   9.7193184e-01   9.9165169e-01   9.7872416e-01
   9.7908848e-01   9.9374386e-01   9.8363506e-01
   9.8616135e-01   9.9582752e-01   9.8882014e-01
   9.9313647e-01   9.9791031e-01   9.9427639e-01
   1.0000000e+00   1.0000000e+00   1.0000000e+00
