   1.0000000e+00   0.0000000e+00   0.0000000e+00
   1.0000000e+00   3.7841105e-01   2.0978927e-01
   1.0000000e+00   7.0054304e-01   4.9307011e-01
   1.0000000e+00   9.1848699e-01   7.7738161e-01
   1.0000000e+00   9.9982925e-01   1.0000000e+00
   8.0294075e-01   9.3247223e-01   1.0000000e+00
   5.2078729e-01   7.2643357e-01   1.0000000e+00
   2.3554224e-01   4.1235632e-01   1.0000000e+00
   0.0000000e+00   3.6951499e-02   1.0000000e+00
   0.0000000e+00   0.0000000e+00   8.1556732e-01
   0.0000000e+00   0.0000000e+00   5.3463759e-01
   0.0000000e+00   0.0000000e+00   2.4855640e-01
   0.0000000e+00   0.0000000e+00   0.0000000e+00
   1.7191388e-01   0.0000000e+00   0.0000000e+00
   4.5152393e-01   0.0000000e+00   0.0000000e+00
   7.3834356e-01   0.0000000e+00   0.0000000e+00
   9.8971563e-01   0.0000000e+00   0.0000000e+00
   1.0000000e+00   3.0901699e-01   1.5950713e-01
   1.0000000e+00   6.4592806e-01   4.3770201e-01
   1.0000000e+00   8.8677369e-01   7.2516214e-01
   1.0000000e+00   9.9573418e-01   9.7913510e-01
   8.5278335e-01   9.5660442e-01   1.0000000e+00
   5.7609864e-01   7.7520398e-01   1.0000000e+00
   2.8809618e-01   4.7851157e-01   1.0000000e+00
   3.1609045e-02   1.1065268e-01   1.0000000e+00
   0.0000000e+00   0.0000000e+00   8.6495336e-01
   0.0000000e+00   0.0000000e+00   5.8987330e-01
   0.0000000e+00   0.0000000e+00   3.0142686e-01
   0.0000000e+00   0.0000000e+00   4.2513149e-02
   1.2300127e-01   0.0000000e+00   0.0000000e+00
   3.9638273e-01   0.0000000e+00   0.0000000e+00
   6.8517464e-01   0.0000000e+00   0.0000000e+00
   9.4642652e-01   0.0000000e+00   0.0000000e+00
   1.0000000e+00   2.3793520e-01   1.1108464e-01
   1.0000000e+00   5.8778525e-01   3.8267415e-01
   1.0000000e+00   8.5021714e-01   6.7171291e-01
   1.0000000e+00   9.8620075e-01   9.3521373e-01
   9.0069917e-01   9.7551197e-01   1.0000000e+00
   6.3099436e-01   8.1974048e-01   1.0000000e+00
   3.4180746e-01   5.4205336e-01   1.0000000e+00
   7.6147689e-02   1.8374952e-01   1.0000000e+00
   0.0000000e+00   0.0000000e+00   9.1234615e-01
   0.0000000e+00   0.0000000e+00   6.4461815e-01
   0.0000000e+00   0.0000000e+00   3.5538185e-01
   0.0000000e+00   0.0000000e+00   8.7653849e-02
   7.6147689e-02   0.0000000e+00   0.0000000e+00
   3.4180746e-01   0.0000000e+00   0.0000000e+00
   6.3099436e-01   0.0000000e+00   0.0000000e+00
   9.0069917e-01   0.0000000e+00   0.0000000e+00
   1.0000000e+00   1.6555388e-01   6.4786274e-02
   1.0000000e+00   5.2643216e-01   3.2828709e-01
   1.0000000e+00   8.0901699e-01   6.1732585e-01
   1.0000000e+00   9.7128103e-01   8.8891536e-01
   9.4642652e-01   9.8909161e-01   1.0000000e+00
   6.8517464e-01   8.5979985e-01   1.0000000e+00
   3.9638273e-01   6.0263464e-01   1.0000000e+00
   1.2300127e-01   2.5584278e-01   1.0000000e+00
   0.0000000e+00   0.0000000e+00   9.5748685e-01
   0.0000000e+00   0.0000000e+00   6.9857314e-01
   0.0000000e+00   0.0000000e+00   4.1012670e-01
   0.0000000e+00   0.0000000e+00   1.3504664e-01
   3.1609045e-02   0.0000000e+00   0.0000000e+00
   2.8809618e-01   0.0000000e+00   0.0000000e+00
   5.7609864e-01   0.0000000e+00   0.0000000e+00
   8.5278335e-01   0.0000000e+00   0.0000000e+00
   1.0000000e+00   9.2268359e-02   2.0864896e-02
   1.0000000e+00   4.6220388e-01   2.7483786e-01
   1.0000000e+00   7.6339828e-01   5.6229799e-01
   1.0000000e+00   9.5105652e-01   8.4049287e-01
   9.8971563e-01   9.9726917e-01   1.0000000e+00
   7.3834356e-01   8.9516329e-01   1.0000000e+00
   4.5152393e-01   6.5992453e-01   1.0000000e+00
   1.7191388e-01   3.2653871e-01   1.0000000e+00
   0.0000000e+00   0.0000000e+00   1.0000000e+00
   0.0000000e+00   0.0000000e+00   7.5144360e-01
   0.0000000e+00   0.0000000e+00   4.6536241e-01
   0.0000000e+00   0.0000000e+00   1.8443268e-01
   0.0000000e+00   0.0000000e+00   0.0000000e+00
   2.3554224e-01   0.0000000e+00   0.0000000e+00
   5.2078729e-01   0.0000000e+00   0.0000000e+00
   8.0294075e-01   0.0000000e+00   0.0000000e+00
   1.0000000e+00   1.8478905e-02   0.0000000e+00
   1.0000000e+00   3.9545121e-01   2.2261839e-01
   1.0000000e+00   7.1361015e-01   5.0692989e-01
   1.0000000e+00   9.2563766e-01   7.9021073e-01
   1.0000000e+00   1.0000000e+00   1.0000000e+00
   7.9021073e-01   9.2563766e-01   1.0000000e+00
   5.0692989e-01   7.1361015e-01   1.0000000e+00
   2.2261839e-01   3.9545121e-01   1.0000000e+00
   0.0000000e+00   1.8478905e-02   1.0000000e+00
   0.0000000e+00   0.0000000e+00   8.0294075e-01
   0.0000000e+00   0.0000000e+00   5.2078729e-01
   0.0000000e+00   0.0000000e+00   2.3554224e-01
   0.0000000e+00   0.0000000e+00   0.0000000e+00
   1.8443268e-01   0.0000000e+00   0.0000000e+00
   4.6536241e-01   0.0000000e+00   0.0000000e+00
   7.5144360e-01   0.0000000e+00   0.0000000e+00
   1.0000000e+00   0.0000000e+00   0.0000000e+00
   1.0000000e+00   3.2653871e-01   1.7191388e-01
   1.0000000e+00   6.5992453e-01   4.5152393e-01
   1.0000000e+00   8.9516329e-01   7.3834356e-01
   1.0000000e+00   9.9726917e-01   9.8971563e-01
   8.4049287e-01   9.5105652e-01   1.0000000e+00
   5.6229799e-01   7.6339828e-01   1.0000000e+00
   2.7483786e-01   4.6220388e-01   1.0000000e+00
   2.0864896e-02   9.2268359e-02   1.0000000e+00
   0.0000000e+00   0.0000000e+00   8.5278335e-01
   0.0000000e+00   0.0000000e+00   5.7609864e-01
   0.0000000e+00   0.0000000e+00   2.8809618e-01
   0.0000000e+00   0.0000000e+00   3.1609045e-02
   1.3504664e-01   0.0000000e+00   0.0000000e+00
   4.1012670e-01   0.0000000e+00   0.0000000e+00
   6.9857314e-01   0.0000000e+00   0.0000000e+00
   9.5748685e-01   0.0000000e+00   0.0000000e+00
   1.0000000e+00   2.5584278e-01   1.2300127e-01
   1.0000000e+00   6.0263464e-01   3.9638273e-01
   1.0000000e+00   8.5979985e-01   6.8517464e-01
   1.0000000e+00   9.8909161e-01   9.4642652e-01
   8.8891536e-01   9.7128103e-01   1.0000000e+00
   6.1732585e-01   8.0901699e-01   1.0000000e+00
   3.2828709e-01   5.2643216e-01   1.0000000e+00
   6.4786274e-02   1.6555388e-01   1.0000000e+00
   0.0000000e+00   0.0000000e+00   9.0069917e-01
   0.0000000e+00   0.0000000e+00   6.3099436e-01
   0.0000000e+00   0.0000000e+00   3.4180746e-01
   0.0000000e+00   0.0000000e+00   7.6147689e-02
   8.7653849e-02   0.0000000e+00   0.0000000e+00
   3.5538185e-01   0.0000000e+00   0.0000000e+00
   6.4461815e-01   0.0000000e+00   0.0000000e+00
   9.1234615e-01   0.0000000e+00   0.0000000e+00
   1.0000000e+00   1.8374952e-01   7.6147689e-02
   1.0000000e+00   5.4205336e-01   3.4180746e-01
   1.0000000e+00   8.1974048e-01   6.3099436e-01
   1.0000000e+00   9.7551197e-01   9.0069917e-01
   9.3521373e-01   9.8620075e-01   1.0000000e+00
   6.7171291e-01   8.5021714e-01   1.0000000e+00
   3.8267415e-01   5.8778525e-01   1.0000000e+00
   1.1108464e-01   2.3793520e-01   1.0000000e+00
   0.0000000e+00   0.0000000e+00   9.4642652e-01
   0.0000000e+00   0.0000000e+00   6.8517464e-01
   0.0000000e+00   0.0000000e+00   3.9638273e-01
   0.0000000e+00   0.0000000e+00   1.2300127e-01
   4.2513149e-02   0.0000000e+00   0.0000000e+00
   3.0142686e-01   0.0000000e+00   0.0000000e+00
   5.8987330e-01   0.0000000e+00   0.0000000e+00
   8.6495336e-01   0.0000000e+00   0.0000000e+00
   1.0000000e+00   1.1065268e-01   3.1609045e-02
   1.0000000e+00   4.7851157e-01   2.8809618e-01
   1.0000000e+00   7.7520398e-01   5.7609864e-01
   1.0000000e+00   9.5660442e-01   8.5278335e-01
   9.7913510e-01   9.9573418e-01   1.0000000e+00
   7.2516214e-01   8.8677369e-01   1.0000000e+00
   4.3770201e-01   6.4592806e-01   1.0000000e+00
   1.5950713e-01   3.0901699e-01   1.0000000e+00
   0.0000000e+00   0.0000000e+00   9.8971563e-01
   0.0000000e+00   0.0000000e+00   7.3834356e-01
   0.0000000e+00   0.0000000e+00   4.5152393e-01
   0.0000000e+00   0.0000000e+00   1.7191388e-01
   0.0000000e+00   0.0000000e+00   0.0000000e+00
   2.4855640e-01   0.0000000e+00   0.0000000e+00
   5.3463759e-01   0.0000000e+00   0.0000000e+00
   8.1556732e-01   0.0000000e+00   0.0000000e+00
   1.0000000e+00   3.6951499e-02   0.0000000e+00
   1.0000000e+00   4.1235632e-01   2.3554224e-01
   1.0000000e+00   7.2643357e-01   5.2078729e-01
   1.0000000e+00   9.3247223e-01   8.0294075e-01
   1.0000000e+00   9.9982925e-01   1.0000000e+00
   7.7738161e-01   9.1848699e-01   1.0000000e+00
   4.9307011e-01   7.0054304e-01   1.0000000e+00
   2.0978927e-01   3.7841105e-01   1.0000000e+00
   0.0000000e+00   0.0000000e+00   1.0000000e+00
   0.0000000e+00   0.0000000e+00   7.9021073e-01
   0.0000000e+00   0.0000000e+00   5.0692989e-01
   0.0000000e+00   0.0000000e+00   2.2261839e-01
   0.0000000e+00   0.0000000e+00   0.0000000e+00
   1.9705925e-01   0.0000000e+00   0.0000000e+00
   4.7921271e-01   0.0000000e+00   0.0000000e+00
   7.6445776e-01   0.0000000e+00   0.0000000e+00
   1.0000000e+00   0.0000000e+00   0.0000000e+00
   1.0000000e+00   3.4394892e-01   1.8443268e-01
   1.0000000e+00   6.7369564e-01   4.6536241e-01
   1.0000000e+00   9.0324720e-01   7.5144360e-01
   1.0000000e+00   9.9846360e-01   1.0000000e+00
   8.2808612e-01   9.4518383e-01   1.0000000e+00
   5.4847607e-01   7.5133189e-01   1.0000000e+00
   2.6165644e-01   4.4573836e-01   1.0000000e+00
   1.0284371e-02   7.3852527e-02   1.0000000e+00
   0.0000000e+00   0.0000000e+00   8.4049287e-01
   0.0000000e+00   0.0000000e+00   5.6229799e-01
   0.0000000e+00   0.0000000e+00   2.7483786e-01
   0.0000000e+00   0.0000000e+00   2.0864896e-02
   1.4721665e-01   0.0000000e+00   0.0000000e+00
   4.2390136e-01   0.0000000e+00   0.0000000e+00
   7.1190382e-01   0.0000000e+00   0.0000000e+00
   9.6839096e-01   0.0000000e+00   0.0000000e+00
   1.0000000e+00   2.7366299e-01   1.3504664e-01
   1.0000000e+00   6.1727822e-01   4.1012670e-01
   1.0000000e+00   8.6908895e-01   6.9857314e-01
   1.0000000e+00   9.9164470e-01   9.5748685e-01
   8.7699873e-01   9.6671840e-01   1.0000000e+00
   6.0361727e-01   7.9801723e-01   1.0000000e+00
   3.1482536e-01   5.1063119e-01   1.0000000e+00
   5.3573485e-02   1.4730170e-01   1.0000000e+00
   0.0000000e+00   0.0000000e+00   8.8891536e-01
   0.0000000e+00   0.0000000e+00   6.1732585e-01
   0.0000000e+00   0.0000000e+00   3.2828709e-01
   0.0000000e+00   0.0000000e+00   6.4786274e-02
   9.9300825e-02   0.0000000e+00   0.0000000e+00
   3.6900564e-01   0.0000000e+00   0.0000000e+00
   6.5819254e-01   0.0000000e+00   0.0000000e+00
   9.2385231e-01   0.0000000e+00   0.0000000e+00
   1.0000000e+00   2.0188241e-01   8.7653849e-02
   1.0000000e+00   5.5748944e-01   3.5538185e-01
   1.0000000e+00   8.3018403e-01   6.4461815e-01
   1.0000000e+00   9.7940977e-01   9.1234615e-01
   9.2385231e-01   9.8297310e-01   1.0000000e+00
   6.5819254e-01   8.4034407e-01   1.0000000e+00
   3.6900564e-01   5.7273514e-01   1.0000000e+00
   9.9300825e-02   2.1994636e-01   1.0000000e+00
   0.0000000e+00   0.0000000e+00   9.3521373e-01
   0.0000000e+00   0.0000000e+00   6.7171291e-01
   0.0000000e+00   0.0000000e+00   3.8267415e-01
   0.0000000e+00   0.0000000e+00   1.1108464e-01
   5.3573485e-02   0.0000000e+00   0.0000000e+00
   3.1482536e-01   0.0000000e+00   0.0000000e+00
   6.0361727e-01   0.0000000e+00   0.0000000e+00
   8.7699873e-01   0.0000000e+00   0.0000000e+00
   1.0000000e+00   1.2899922e-01   4.2513149e-02
   1.0000000e+00   4.9465584e-01   3.0142686e-01
   1.0000000e+00   7.8674494e-01   5.8987330e-01
   1.0000000e+00   9.6182564e-01   8.6495336e-01
   9.6839096e-01   9.9385914e-01   1.0000000e+00
   7.1190382e-01   8.7808125e-01   1.0000000e+00
   4.2390136e-01   6.3171101e-01   1.0000000e+00
   1.4721665e-01   2.9138975e-01   1.0000000e+00
   0.0000000e+00   0.0000000e+00   9.7913510e-01
   0.0000000e+00   0.0000000e+00   7.2516214e-01
   0.0000000e+00   0.0000000e+00   4.3770201e-01
   0.0000000e+00   0.0000000e+00   1.5950713e-01
   1.0284371e-02   0.0000000e+00   0.0000000e+00
   2.6165644e-01   0.0000000e+00   0.0000000e+00
   5.4847607e-01   0.0000000e+00   0.0000000e+00
   8.2808612e-01   0.0000000e+00   0.0000000e+00
   1.0000000e+00   5.5411475e-02   0.0000000e+00
   1.0000000e+00   4.2912061e-01   2.4855640e-01
   1.0000000e+00   7.3900892e-01   5.3463759e-01
   1.0000000e+00   9.3898836e-01   8.1556732e-01
   1.0000000e+00   9.9931706e-01   1.0000000e+00
   7.6445776e-01   9.1102265e-01   1.0000000e+00
   4.7921271e-01   6.8723669e-01   1.0000000e+00
   1.9705925e-01   3.6124167e-01   1.0000000e+00
   0.0000000e+00   0.0000000e+00   1.0000000e+00
   0.0000000e+00   0.0000000e+00   7.7738161e-01
   0.0000000e+00   0.0000000e+00   4.9307011e-01
   0.0000000e+00   0.0000000e+00   2.0978927e-01
   0.0000000e+00   0.0000000e+00   0.0000000e+00
