   0.0000000e+00   0.0000000e+00   0.0000000e+00
   7.1692297e-02   3.9215686e-03   7.8431373e-03
   1.4338459e-01   7.8431373e-03   1.5686275e-02
   2.1507689e-01   1.1764706e-02   2.3529412e-02
   2.8676919e-01   1.5686275e-02   3.1372549e-02
   3.5846148e-01   1.9607843e-02   3.9215686e-02
   4.3015378e-01   2.3529412e-02   4.7058824e-02
   5.0184608e-01   2.7450980e-02   5.4901961e-02
   5.7353837e-01   3.1372549e-02   6.2745098e-02
   6.4523067e-01   3.5294118e-02   7.0588235e-02
   7.1692297e-01   3.9215686e-02   7.8431373e-02
   7.8861526e-01   4.3137255e-02   8.6274510e-02
   8.6030756e-01   4.7058824e-02   9.4117647e-02
   9.3199986e-01   5.0980392e-02   1.0196078e-01
   9.9899382e-01   5.4901961e-02   1.0980392e-01
   9.7945625e-01   5.8823529e-02   1.1764706e-01
   9.5991869e-01   6.2745098e-02   1.2549020e-01
   9.4038112e-01   6.6666667e-02   1.3333333e-01
   9.2084356e-01   7.0588235e-02   1.4117647e-01
   9.0130599e-01   7.4509804e-02   1.4901961e-01
   8.8176843e-01   7.8431373e-02   1.5686275e-01
   8.6223087e-01   8.2352941e-02   1.6470588e-01
   8.4269330e-01   8.6274510e-02   1.7254902e-01
   8.2315574e-01   9.0196078e-02   1.8039216e-01
   8.0361817e-01   9.4117647e-02   1.8823529e-01
   7.8408061e-01   9.8039216e-02   1.9607843e-01
   7.6454305e-01   1.0196078e-01   2.0392157e-01
   7.4500548e-01   1.0588235e-01   2.1176471e-01
   7.2546792e-01   1.0980392e-01   2.1960784e-01
   7.0593035e-01   1.1372549e-01   2.2745098e-01
   6.8639279e-01   1.1764706e-01   2.3529412e-01
   6.6685523e-01   1.2156863e-01   2.4313725e-01
   6.4731766e-01   1.2549020e-01   2.5098039e-01
   6.2778010e-01   1.2941176e-01   2.5882353e-01
   6.0824253e-01   1.3333333e-01   2.6666667e-01
   5.8870497e-01   1.3725490e-01   2.7450980e-01
   5.6916740e-01   1.4117647e-01   2.8235294e-01
   5.4962984e-01   1.4509804e-01   2.9019608e-01
   5.3009228e-01   1.4901961e-01   2.9803922e-01
   5.1055471e-01   1.5294118e-01   3.0588235e-01
   4.9101715e-01   1.5686275e-01   3.1372549e-01
   4.7147958e-01   1.6078431e-01   3.2156863e-01
   4.5194202e-01   1.6470588e-01   3.2941176e-01
   4.3240446e-01   1.6862745e-01   3.3725490e-01
   4.1286689e-01   1.7254902e-01   3.4509804e-01
   3.9332933e-01   1.7647059e-01   3.5294118e-01
   3.7379176e-01   1.8039216e-01   3.6078431e-01
   3.5425420e-01   1.8431373e-01   3.6862745e-01
   3.3471664e-01   1.8823529e-01   3.7647059e-01
   3.1517907e-01   1.9215686e-01   3.8431373e-01
   2.9564151e-01   1.9607843e-01   3.9215686e-01
   2.7610394e-01   2.0000000e-01   4.0000000e-01
   2.5656638e-01   2.0392157e-01   4.0784314e-01
   2.3702881e-01   2.0784314e-01   4.1568627e-01
   2.1749125e-01   2.1176471e-01   4.2352941e-01
   1.9795369e-01   2.1568627e-01   4.3137255e-01
   1.7841612e-01   2.1960784e-01   4.3921569e-01
   1.5887856e-01   2.2352941e-01   4.4705882e-01
   1.3934099e-01   2.2745098e-01   4.5490196e-01
   1.1980343e-01   2.3137255e-01   4.6274510e-01
   1.0026587e-01   2.3529412e-01   4.7058824e-01
   8.0728301e-02   2.3921569e-01   4.7843137e-01
   6.1190737e-02   2.4313725e-01   4.8627451e-01
   4.1653173e-02   2.4705882e-01   4.9411765e-01
   2.5098039e-01   2.5098039e-01   5.0196078e-01
   2.5490196e-01   2.5490196e-01   5.0980392e-01
   2.5882353e-01   2.5882353e-01   5.1764706e-01
   2.6274510e-01   2.6274510e-01   5.2549020e-01
   2.6666667e-01   2.6666667e-01   5.3333333e-01
   2.7058824e-01   2.7058824e-01   5.4117647e-01
   2.7450980e-01   2.7450980e-01   5.4901961e-01
   2.7843137e-01   2.7843137e-01   5.5686275e-01
   2.8235294e-01   2.8235294e-01   5.6470588e-01
   2.8627451e-01   2.8627451e-01   5.7254902e-01
   2.9019608e-01   2.9019608e-01   5.8039216e-01
   2.9411765e-01   2.9411765e-01   5.8823529e-01
   2.9803922e-01   2.9803922e-01   5.9607843e-01
   3.0196078e-01   3.0196078e-01   6.0392157e-01
   3.0588235e-01   3.0588235e-01   6.1176471e-01
   3.0980392e-01   3.0980392e-01   6.1960784e-01
   3.1372549e-01   3.1372549e-01   6.2745098e-01
   3.1764706e-01   3.1764706e-01   6.3529412e-01
   3.2156863e-01   3.2156863e-01   6.4313725e-01
   3.2549020e-01   3.2549020e-01   6.5098039e-01
   3.2941176e-01   3.2941176e-01   6.5882353e-01
   3.3333333e-01   3.3333333e-01   6.6666667e-01
   3.3725490e-01   3.3725490e-01   6.7450980e-01
   3.4117647e-01   3.4117647e-01   6.8235294e-01
   3.4509804e-01   3.4509804e-01   6.9019608e-01
   3.4901961e-01   3.4901961e-01   6.9803922e-01
   3.5294118e-01   3.5294118e-01   7.0588235e-01
   3.5686275e-01   3.5686275e-01   7.1372549e-01
   3.6078431e-01   3.6078431e-01   7.2156863e-01
   3.6470588e-01   3.6470588e-01   7.2941176e-01
   3.6862745e-01   3.6862745e-01   7.3725490e-01
   3.7254902e-01   3.7254902e-01   7.4509804e-01
   3.7647059e-01   3.7647059e-01   7.5294118e-01
   3.8039216e-01   3.8039216e-01   7.6078431e-01
   3.8431373e-01   3.8431373e-01   7.6862745e-01
   3.8823529e-01   3.8823529e-01   7.7647059e-01
   3.9215686e-01   3.9215686e-01   7.8431373e-01
   3.9607843e-01   3.9607843e-01   7.9215686e-01
   4.0000000e-01   4.0000000e-01   8.0000000e-01
   4.0392157e-01   4.0392157e-01   8.0784314e-01
   4.0784314e-01   4.0784314e-01   8.1568627e-01
   4.1176471e-01   4.1176471e-01   8.2352941e-01
   4.1568627e-01   4.1568627e-01   8.3137255e-01
   4.1960784e-01   4.1960784e-01   8.3921569e-01
   4.2352941e-01   4.2352941e-01   8.4705882e-01
   4.2745098e-01   4.2745098e-01   8.5490196e-01
   4.3137255e-01   4.3137255e-01   8.6274510e-01
   4.3529412e-01   4.3529412e-01   8.7058824e-01
   4.3921569e-01   4.3921569e-01   8.7843137e-01
   4.4313725e-01   4.4313725e-01   8.8627451e-01
   4.4705882e-01   4.4705882e-01   8.9411765e-01
   4.5098039e-01   4.5098039e-01   9.0196078e-01
   4.5490196e-01   4.5490196e-01   9.0980392e-01
   4.5882353e-01   4.5882353e-01   9.1764706e-01
   4.6274510e-01   4.6274510e-01   9.2549020e-01
   4.6666667e-01   4.6666667e-01   9.3333333e-01
   4.7058824e-01   4.7058824e-01   9.4117647e-01
   4.7450980e-01   4.7450980e-01   9.4901961e-01
   4.7843137e-01   4.7843137e-01   9.5686275e-01
   4.8235294e-01   4.8235294e-01   9.6470588e-01
   4.8627451e-01   4.8627451e-01   9.7254902e-01
   4.9019608e-01   4.9019608e-01   9.8039216e-01
   4.9411765e-01   4.9411765e-01   9.8823529e-01
   4.9803922e-01   4.9803922e-01   9.9607843e-01
   5.0196078e-01   5.0196078e-01   9.9165624e-01
   5.0588235e-01   5.0588235e-01   9.7496871e-01
   5.0980392e-01   5.0980392e-01   9.5828118e-01
   5.1372549e-01   5.1372549e-01   9.4159366e-01
   5.1764706e-01   5.1764706e-01   9.2490613e-01
   5.2156863e-01   5.2156863e-01   9.0821861e-01
   5.2549020e-01   5.2549020e-01   8.9153108e-01
   5.2941176e-01   5.2941176e-01   8.7484355e-01
   5.3333333e-01   5.3333333e-01   8.5815603e-01
   5.3725490e-01   5.3725490e-01   8.4146850e-01
   5.4117647e-01   5.4117647e-01   8.2478098e-01
   5.4509804e-01   5.4509804e-01   8.0809345e-01
   5.4901961e-01   5.4901961e-01   7.9140592e-01
   5.5294118e-01   5.5294118e-01   7.7471840e-01
   5.5686275e-01   5.5686275e-01   7.5803087e-01
   5.6078431e-01   5.6078431e-01   7.4134335e-01
   5.6470588e-01   5.6470588e-01   7.2465582e-01
   5.6862745e-01   5.6862745e-01   7.0796829e-01
   5.7254902e-01   5.7254902e-01   6.9128077e-01
   5.7647059e-01   5.7647059e-01   6.7459324e-01
   5.8039216e-01   5.8039216e-01   6.5790572e-01
   5.8431373e-01   5.8431373e-01   6.4121819e-01
   5.8823529e-01   5.8823529e-01   6.2453066e-01
   5.9215686e-01   5.9215686e-01   6.0784314e-01
   5.9607843e-01   5.9607843e-01   5.9115561e-01
   6.0000000e-01   6.0000000e-01   5.7446809e-01
   6.0392157e-01   6.0392157e-01   5.5778056e-01
   6.0784314e-01   6.0784314e-01   5.4109303e-01
   6.1176471e-01   6.1176471e-01   5.2440551e-01
   6.1568627e-01   6.1568627e-01   5.0771798e-01
   6.1960784e-01   6.1960784e-01   4.9103045e-01
   6.2352941e-01   6.2352941e-01   4.7434293e-01
   6.2745098e-01   6.2745098e-01   4.5765540e-01
   6.3137255e-01   6.3137255e-01   4.4096788e-01
   6.3529412e-01   6.3529412e-01   4.2428035e-01
   6.3921569e-01   6.3921569e-01   4.0759282e-01
   6.4313725e-01   6.4313725e-01   3.9090530e-01
   6.4705882e-01   6.4705882e-01   3.7421777e-01
   6.5098039e-01   6.5098039e-01   3.5753025e-01
   6.5490196e-01   6.5490196e-01   3.4084272e-01
   6.5882353e-01   6.5882353e-01   3.2415519e-01
   6.6274510e-01   6.6274510e-01   3.0746767e-01
   6.6666667e-01   6.6666667e-01   2.9078014e-01
   6.7058824e-01   6.7058824e-01   2.7409262e-01
   6.7450980e-01   6.7450980e-01   2.5740509e-01
   6.7843137e-01   6.7843137e-01   2.4071756e-01
   6.8235294e-01   6.8235294e-01   2.2403004e-01
   6.8627451e-01   6.8627451e-01   2.0734251e-01
   6.9019608e-01   6.9019608e-01   1.9065499e-01
   6.9411765e-01   6.9411765e-01   1.7396746e-01
   6.9803922e-01   6.9803922e-01   1.5727993e-01
   7.0196078e-01   7.0196078e-01   1.4059241e-01
   7.0588235e-01   7.0588235e-01   1.2390488e-01
   7.0980392e-01   7.0980392e-01   1.0721736e-01
   7.1372549e-01   7.1372549e-01   9.0529829e-02
   7.1764706e-01   7.1764706e-01   7.3842303e-02
   7.2156863e-01   7.2156863e-01   5.7154777e-02
   7.2549020e-01   7.2549020e-01   4.0467251e-02
   7.2941176e-01   7.2941176e-01   2.3779725e-02
   7.3333333e-01   7.3333333e-01   7.0921986e-03
   7.3725490e-01   7.3725490e-01   8.5090640e-03
   7.4117647e-01   7.4117647e-01   2.3307436e-02
   7.4509804e-01   7.4509804e-01   3.8105808e-02
   7.4901961e-01   7.4901961e-01   5.2904181e-02
   7.5294118e-01   7.5294118e-01   6.7702553e-02
   7.5686275e-01   7.5686275e-01   8.2500925e-02
   7.6078431e-01   7.6078431e-01   9.7299297e-02
   7.6470588e-01   7.6470588e-01   1.1209767e-01
   7.6862745e-01   7.6862745e-01   1.2689604e-01
   7.7254902e-01   7.7254902e-01   1.4169441e-01
   7.7647059e-01   7.7647059e-01   1.5649279e-01
   7.8039216e-01   7.8039216e-01   1.7129116e-01
   7.8431373e-01   7.8431373e-01   1.8608953e-01
   7.8823529e-01   7.8823529e-01   2.0088790e-01
   7.9215686e-01   7.9215686e-01   2.1568627e-01
   7.9607843e-01   7.9607843e-01   2.3048465e-01
   8.0000000e-01   8.0000000e-01   2.4528302e-01
   8.0392157e-01   8.0392157e-01   2.6008139e-01
   8.0784314e-01   8.0784314e-01   2.7487976e-01
   8.1176471e-01   8.1176471e-01   2.8967814e-01
   8.1568627e-01   8.1568627e-01   3.0447651e-01
   8.1960784e-01   8.1960784e-01   3.1927488e-01
   8.2352941e-01   8.2352941e-01   3.3407325e-01
   8.2745098e-01   8.2745098e-01   3.4887162e-01
   8.3137255e-01   8.3137255e-01   3.6367000e-01
   8.3529412e-01   8.3529412e-01   3.7846837e-01
   8.3921569e-01   8.3921569e-01   3.9326674e-01
   8.4313725e-01   8.4313725e-01   4.0806511e-01
   8.4705882e-01   8.4705882e-01   4.2286349e-01
   8.5098039e-01   8.5098039e-01   4.3766186e-01
   8.5490196e-01   8.5490196e-01   4.5246023e-01
   8.5882353e-01   8.5882353e-01   4.6725860e-01
   8.6274510e-01   8.6274510e-01   4.8205697e-01
   8.6666667e-01   8.6666667e-01   4.9685535e-01
   8.7058824e-01   8.7058824e-01   5.1165372e-01
   8.7450980e-01   8.7450980e-01   5.2645209e-01
   8.7843137e-01   8.7843137e-01   5.4125046e-01
   8.8235294e-01   8.8235294e-01   5.5604883e-01
   8.8627451e-01   8.8627451e-01   5.7084721e-01
   8.9019608e-01   8.9019608e-01   5.8564558e-01
   8.9411765e-01   8.9411765e-01   6.0044395e-01
   8.9803922e-01   8.9803922e-01   6.1524232e-01
   9.0196078e-01   9.0196078e-01   6.3004070e-01
   9.0588235e-01   9.0588235e-01   6.4483907e-01
   9.0980392e-01   9.0980392e-01   6.5963744e-01
   9.1372549e-01   9.1372549e-01   6.7443581e-01
   9.1764706e-01   9.1764706e-01   6.8923418e-01
   9.2156863e-01   9.2156863e-01   7.0403256e-01
   9.2549020e-01   9.2549020e-01   7.1883093e-01
   9.2941176e-01   9.2941176e-01   7.3362930e-01
   9.3333333e-01   9.3333333e-01   7.4842767e-01
   9.3725490e-01   9.3725490e-01   7.6322605e-01
   9.4117647e-01   9.4117647e-01   7.7802442e-01
   9.4509804e-01   9.4509804e-01   7.9282279e-01
   9.4901961e-01   9.4901961e-01   8.0762116e-01
   9.5294118e-01   9.5294118e-01   8.2241953e-01
   9.5686275e-01   9.5686275e-01   8.3721791e-01
   9.6078431e-01   9.6078431e-01   8.5201628e-01
   9.6470588e-01   9.6470588e-01   8.6681465e-01
   9.6862745e-01   9.6862745e-01   8.8161302e-01
   9.7254902e-01   9.7254902e-01   8.9641139e-01
   9.7647059e-01   9.7647059e-01   9.1120977e-01
   9.8039216e-01   9.8039216e-01   9.2600814e-01
   9.8431373e-01   9.8431373e-01   9.4080651e-01
   9.8823529e-01   9.8823529e-01   9.5560488e-01
   9.9215686e-01   9.9215686e-01   9.7040326e-01
   9.9607843e-01   9.9607843e-01   9.8520163e-01
   1.0000000e+00   1.0000000e+00   1.0000000e+00
