   0.0000000e+00   0.0000000e+00   0.0000000e+00
   2.6134533e-03   0.0000000e+00   1.6869201e-01
   5.2269066e-03   0.0000000e+00   2.2166356e-01
   7.8403599e-03   0.0000000e+00   2.6380549e-01
   1.0453813e-02   0.0000000e+00   3.0594743e-01
   1.3067267e-02   0.0000000e+00   3.4808936e-01
   1.5680720e-02   0.0000000e+00   3.9023129e-01
   1.8294173e-02   0.0000000e+00   4.3237323e-01
   2.0907627e-02   8.9073333e-03   4.5474515e-01
   2.3521080e-02   1.7927418e-02   4.5560591e-01
   2.6134533e-02   2.6947502e-02   4.5631679e-01
   2.8747986e-02   3.5967586e-02   4.5702767e-01
   3.1361440e-02   4.4987671e-02   4.5773855e-01
   3.3974893e-02   5.4007755e-02   4.5844943e-01
   3.6588346e-02   6.3027839e-02   4.5916032e-01
   3.9201800e-02   7.2047924e-02   4.5987120e-01
   4.1815253e-02   8.1068008e-02   4.6058208e-01
   4.4428706e-02   9.0088092e-02   4.6129296e-01
   4.7042160e-02   9.9108177e-02   4.6200384e-01
   4.9655613e-02   1.0812826e-01   4.6271473e-01
   5.2269066e-02   1.1714835e-01   4.6342561e-01
   5.4882520e-02   1.2616843e-01   4.6413649e-01
   5.7495973e-02   1.3518851e-01   4.6484737e-01
   6.0109426e-02   1.4420860e-01   4.6555825e-01
   6.2722880e-02   1.5322868e-01   4.6626914e-01
   6.5336333e-02   1.6224877e-01   4.6698002e-01
   6.7949786e-02   1.7126885e-01   4.6769090e-01
   7.0563239e-02   1.8028894e-01   4.6840178e-01
   7.3176693e-02   1.8930816e-01   4.6911266e-01
   7.5790146e-02   1.9746559e-01   4.6982355e-01
   7.8403599e-02   2.0562303e-01   4.7053443e-01
   8.1017053e-02   2.1378046e-01   4.7124531e-01
   8.3630506e-02   2.2193789e-01   4.7195619e-01
   8.6243959e-02   2.3009533e-01   4.7266707e-01
   8.8857413e-02   2.3825276e-01   4.7337795e-01
   9.1470866e-02   2.4641020e-01   4.7408884e-01
   9.4084319e-02   2.5456763e-01   4.7479972e-01
   9.6697773e-02   2.6272507e-01   4.7551060e-01
   9.9311226e-02   2.7088250e-01   4.7622148e-01
   1.0192468e-01   2.7903993e-01   4.7693236e-01
   1.0453813e-01   2.8719737e-01   4.7764325e-01
   1.0715159e-01   2.9535480e-01   4.7835413e-01
   1.0976504e-01   3.0351100e-01   4.7906501e-01
   1.1237849e-01   3.1084461e-01   4.7977589e-01
   1.1499195e-01   3.1817821e-01   4.8048677e-01
   1.1760540e-01   3.2551182e-01   4.8119766e-01
   1.2021885e-01   3.3284543e-01   4.8190854e-01
   1.2283231e-01   3.4017903e-01   4.8261942e-01
   1.2544576e-01   3.4751264e-01   4.8333030e-01
   1.2805921e-01   3.5484624e-01   4.8404118e-01
   1.3067267e-01   3.6217985e-01   4.8475207e-01
   1.3328612e-01   3.6951346e-01   4.8546295e-01
   1.3589957e-01   3.7684706e-01   4.8617383e-01
   1.3851303e-01   3.8416818e-01   4.8688471e-01
   1.4112648e-01   3.9036594e-01   4.8759559e-01
   1.4373993e-01   3.9656370e-01   4.8830648e-01
   1.4635339e-01   4.0276146e-01   4.8901736e-01
   1.4896684e-01   4.0895922e-01   4.8972824e-01
   1.5158029e-01   4.1515698e-01   4.9043912e-01
   1.5419375e-01   4.2135474e-01   4.9115000e-01
   1.5680720e-01   4.2755250e-01   4.9186089e-01
   1.5942065e-01   4.3375026e-01   4.9257177e-01
   1.6203411e-01   4.3994802e-01   4.9328265e-01
   1.6464756e-01   4.4614578e-01   4.9399353e-01
   1.6726101e-01   4.5234354e-01   4.9470441e-01
   1.6987447e-01   4.5854130e-01   4.9541530e-01
   1.7248792e-01   4.6473906e-01   4.9612618e-01
   1.7510137e-01   4.7093682e-01   4.9683706e-01
   1.7771483e-01   4.7713458e-01   4.9754794e-01
   1.8032828e-01   4.8333235e-01   4.9825882e-01
   1.8294173e-01   4.8953011e-01   4.9896971e-01
   1.8555519e-01   4.9572787e-01   4.9968059e-01
   1.8816864e-01   5.0192563e-01   5.0039147e-01
   1.9002743e-01   5.0423043e-01   4.9565725e-01
   1.9187706e-01   5.0648796e-01   4.9085689e-01
   1.9372669e-01   5.0874548e-01   4.8605653e-01
   1.9557632e-01   5.1100301e-01   4.8125617e-01
   1.9742595e-01   5.1326054e-01   4.7645582e-01
   1.9927558e-01   5.1551806e-01   4.7165546e-01
   2.0112521e-01   5.1777559e-01   4.6685510e-01
   2.0297483e-01   5.2003311e-01   4.6205474e-01
   2.0482446e-01   5.2229064e-01   4.5725439e-01
   2.0667409e-01   5.2454816e-01   4.5245403e-01
   2.0852372e-01   5.2680569e-01   4.4765367e-01
   2.1037335e-01   5.2906321e-01   4.4285331e-01
   2.1222298e-01   5.3132074e-01   4.3805296e-01
   2.1407261e-01   5.3357826e-01   4.3325260e-01
   2.1592224e-01   5.3583579e-01   4.2845224e-01
   2.1777186e-01   5.3809331e-01   4.2365188e-01
   2.1962149e-01   5.4035084e-01   4.1885153e-01
   2.2147112e-01   5.4260836e-01   4.1405117e-01
   2.2332075e-01   5.4486589e-01   4.0925081e-01
   2.2517038e-01   5.4712341e-01   4.0445045e-01
   2.2702001e-01   5.4938094e-01   3.9965010e-01
   2.2886964e-01   5.5163846e-01   3.9484974e-01
   2.3071927e-01   5.5389599e-01   3.9004938e-01
   2.3256889e-01   5.5615351e-01   3.8524902e-01
   2.3441852e-01   5.5841104e-01   3.8044867e-01
   2.3626815e-01   5.6066856e-01   3.7564831e-01
   2.3811778e-01   5.6292609e-01   3.7084795e-01
   2.3996741e-01   5.6518361e-01   3.6604760e-01
   2.4181704e-01   5.6744114e-01   3.6124724e-01
   2.4366667e-01   5.6969866e-01   3.5644688e-01
   2.4551630e-01   5.7195619e-01   3.5164652e-01
   2.4736592e-01   5.7421371e-01   3.4684617e-01
   2.4921555e-01   5.7647124e-01   3.4204581e-01
   2.5106518e-01   5.7872876e-01   3.3724545e-01
   2.5291481e-01   5.8098629e-01   3.3244509e-01
   2.5476444e-01   5.8324381e-01   3.2764474e-01
   2.5661407e-01   5.8550134e-01   3.2284438e-01
   2.5846370e-01   5.8775886e-01   3.1804402e-01
   2.6031333e-01   5.9001639e-01   3.1324366e-01
   2.6216295e-01   5.9227391e-01   3.0844331e-01
   2.6401258e-01   5.9453144e-01   3.0364295e-01
   2.6586221e-01   5.9678896e-01   2.9884259e-01
   2.6771184e-01   5.9904649e-01   2.9404223e-01
   2.6956147e-01   6.0130401e-01   2.8924188e-01
   2.7145230e-01   6.0356154e-01   2.8444152e-01
   2.8016931e-01   6.0581906e-01   2.7964116e-01
   2.8888633e-01   6.0807659e-01   2.7484080e-01
   2.9760334e-01   6.1033411e-01   2.7706648e-01
   3.0632035e-01   6.1259164e-01   2.7935240e-01
   3.1503736e-01   6.1484916e-01   2.8163831e-01
   3.2375438e-01   6.1710669e-01   2.8392423e-01
   3.3247139e-01   6.1936421e-01   2.8621014e-01
   3.4118840e-01   6.2162174e-01   2.8849606e-01
   3.4990541e-01   6.2387926e-01   2.9078197e-01
   3.5862243e-01   6.2613679e-01   2.9306788e-01
   3.6733944e-01   6.2839431e-01   2.9535380e-01
   3.7605645e-01   6.3065184e-01   2.9763971e-01
   3.8477346e-01   6.3290936e-01   2.9992563e-01
   3.9349047e-01   6.3516689e-01   3.0221154e-01
   4.0220749e-01   6.3742441e-01   3.0449746e-01
   4.1092450e-01   6.3968194e-01   3.0678337e-01
   4.1964151e-01   6.4140692e-01   3.0906929e-01
   4.2835852e-01   6.4312761e-01   3.1135520e-01
   4.3707554e-01   6.4484830e-01   3.1364111e-01
   4.4579255e-01   6.4656899e-01   3.1592703e-01
   4.5450956e-01   6.4828968e-01   3.1821294e-01
   4.6322657e-01   6.5001036e-01   3.2049886e-01
   4.7193233e-01   6.5173105e-01   3.2173881e-01
   4.7839897e-01   6.5345174e-01   3.2297823e-01
   4.8486561e-01   6.5517243e-01   3.2421766e-01
   4.9133225e-01   6.5689312e-01   3.2545708e-01
   4.9779889e-01   6.5861381e-01   3.2669651e-01
   5.0426553e-01   6.6033449e-01   3.2793593e-01
   5.1073218e-01   6.6205518e-01   3.2917536e-01
   5.1719882e-01   6.6377587e-01   3.3041478e-01
   5.2366546e-01   6.6549656e-01   3.3165421e-01
   5.3013210e-01   6.6721725e-01   3.3289364e-01
   5.3659874e-01   6.6893794e-01   3.3413306e-01
   5.4306538e-01   6.7065862e-01   3.3537249e-01
   5.4953202e-01   6.7237931e-01   3.3661191e-01
   5.5599866e-01   6.7410000e-01   3.3785134e-01
   5.6246530e-01   6.7582069e-01   3.3909076e-01
   5.6893194e-01   6.7754138e-01   3.4033019e-01
   5.7539858e-01   6.7926206e-01   3.4156961e-01
   5.8186522e-01   6.8098275e-01   3.4280904e-01
   5.8833186e-01   6.8270344e-01   3.4404847e-01
   5.9479850e-01   6.8442413e-01   3.4528789e-01
   6.0126514e-01   6.8614482e-01   3.4652732e-01
   6.0773178e-01   6.8786551e-01   3.4776674e-01
   6.1419842e-01   6.8958619e-01   3.4900617e-01
   6.2066506e-01   6.9130688e-01   3.5024559e-01
   6.2713170e-01   6.9302757e-01   3.5148502e-01
   6.3359834e-01   6.9474826e-01   3.5272444e-01
   6.4006498e-01   6.9646895e-01   3.5396387e-01
   6.4653162e-01   6.9818964e-01   3.5520330e-01
   6.5299826e-01   6.9991032e-01   3.5644272e-01
   6.5946490e-01   7.0163101e-01   3.5768215e-01
   6.6593154e-01   7.0335170e-01   3.5892157e-01
   6.7239818e-01   7.0507239e-01   3.6016100e-01
   6.7886482e-01   7.0679308e-01   3.6140042e-01
   6.8533146e-01   7.0851377e-01   3.6263985e-01
   6.9179811e-01   7.1023445e-01   3.6387927e-01
   6.9826475e-01   7.1195514e-01   3.6511870e-01
   7.0473139e-01   7.1367583e-01   3.6635813e-01
   7.1119803e-01   7.1539652e-01   3.6759755e-01
   7.1761639e-01   7.1706613e-01   3.6883698e-01
   7.1925545e-01   7.1367932e-01   3.7007640e-01
   7.2089451e-01   7.1029251e-01   3.7131583e-01
   7.2253357e-01   7.0690570e-01   3.7255525e-01
   7.2417263e-01   7.0351889e-01   3.7379468e-01
   7.2581169e-01   7.0013209e-01   3.7503410e-01
   7.2745075e-01   6.9674528e-01   3.7627353e-01
   7.2908980e-01   6.9335847e-01   3.7751295e-01
   7.3072886e-01   6.8997166e-01   3.7875238e-01
   7.3236792e-01   6.8658485e-01   3.7999181e-01
   7.3400698e-01   6.8319804e-01   3.8123123e-01
   7.3564604e-01   6.7981123e-01   3.8247066e-01
   7.3728510e-01   6.7642442e-01   3.8371008e-01
   7.3892416e-01   6.7303761e-01   3.8494951e-01
   7.4056322e-01   6.6965080e-01   3.8618893e-01
   7.4220228e-01   6.6626399e-01   3.8742836e-01
   7.4384134e-01   6.6287718e-01   3.8866778e-01
   7.4548040e-01   6.5949037e-01   3.8990721e-01
   7.4711946e-01   6.5610357e-01   3.9114664e-01
   7.4875851e-01   6.5271676e-01   3.9238606e-01
   7.5039757e-01   6.4932995e-01   3.9362549e-01
   7.5203663e-01   6.4594314e-01   3.9486491e-01
   7.5367569e-01   6.4255633e-01   3.9613363e-01
   7.5533948e-01   6.3921853e-01   4.0574111e-01
   7.5972578e-01   6.4127735e-01   4.1534860e-01
   7.6411209e-01   6.4299060e-01   4.2495608e-01
   7.6849839e-01   6.4470000e-01   4.3456357e-01
   7.7288470e-01   6.4640940e-01   4.4417106e-01
   7.7727101e-01   6.4813713e-01   4.5377854e-01
   7.8165731e-01   6.5151266e-01   4.6338603e-01
   7.8604362e-01   6.5488819e-01   4.7299351e-01
   7.9042992e-01   6.5828680e-01   4.8260100e-01
   7.9481623e-01   6.6168549e-01   4.9220849e-01
   7.9920254e-01   6.6508418e-01   5.0181597e-01
   8.0358884e-01   6.6848288e-01   5.1142346e-01
   8.0797515e-01   6.7188157e-01   5.2103094e-01
   8.1236145e-01   6.7528026e-01   5.3063843e-01
   8.1674776e-01   6.7867895e-01   5.4024592e-01
   8.2113407e-01   6.8207765e-01   5.4985340e-01
   8.2552037e-01   6.8547634e-01   5.5946089e-01
   8.2990668e-01   6.8887503e-01   5.6906837e-01
   8.3429298e-01   6.9227373e-01   5.7867586e-01
   8.3867929e-01   6.9567242e-01   5.8828335e-01
   8.4306560e-01   6.9907111e-01   5.9789083e-01
   8.4745190e-01   7.0468311e-01   6.0749832e-01
   8.5183821e-01   7.1031402e-01   6.1710580e-01
   8.5622451e-01   7.1592336e-01   6.2671329e-01
   8.6061082e-01   7.2153269e-01   6.3632078e-01
   8.6499713e-01   7.2691503e-01   6.4592826e-01
   8.6938343e-01   7.3229462e-01   6.5553575e-01
   8.7376974e-01   7.3767421e-01   6.6515319e-01
   8.7815604e-01   7.4307671e-01   6.7697344e-01
   8.8254235e-01   7.5074737e-01   6.8879370e-01
   8.8692866e-01   7.5841803e-01   7.0061395e-01
   8.9131496e-01   7.6608869e-01   7.1243420e-01
   8.9570127e-01   7.7375935e-01   7.2425445e-01
   9.0008757e-01   7.8143001e-01   7.3607470e-01
   9.0447388e-01   7.8910067e-01   7.4789496e-01
   9.0886019e-01   7.9677133e-01   7.5971521e-01
   9.1324649e-01   8.0444199e-01   7.7153546e-01
   9.1763280e-01   8.1211265e-01   7.8335571e-01
   9.2201910e-01   8.1978332e-01   7.9517597e-01
   9.2640541e-01   8.2745398e-01   8.0699622e-01
   9.3079172e-01   8.3643818e-01   8.1881647e-01
   9.3517802e-01   8.4543031e-01   8.3063672e-01
   9.3956433e-01   8.5442244e-01   8.4245697e-01
   9.4395063e-01   8.6341457e-01   8.5427723e-01
   9.4833694e-01   8.7251360e-01   8.6609748e-01
   9.5272325e-01   8.8161718e-01   8.7791773e-01
   9.5710955e-01   8.9306966e-01   8.8973798e-01
   9.6149586e-01   9.0452214e-01   9.0155823e-01
   9.6588216e-01   9.1597462e-01   9.1337849e-01
   9.7026847e-01   9.2742710e-01   9.2519874e-01
   9.7465478e-01   9.3887957e-01   9.3701899e-01
   9.7904108e-01   9.5033205e-01   9.4883924e-01
   9.8342739e-01   9.6178453e-01   9.6065950e-01
   9.8781369e-01   9.7323701e-01   9.7247975e-01
   9.9220000e-01   9.8430000e-01   9.8430000e-01
