   0.0000000e+00   0.0000000e+00   5.0200000e-01
   0.0000000e+00   2.8619762e-02   4.6510650e-01
   0.0000000e+00   5.7239523e-02   4.2821300e-01
   0.0000000e+00   8.5859285e-02   3.9131949e-01
   0.0000000e+00   1.1447905e-01   3.5442599e-01
   0.0000000e+00   1.4309881e-01   3.1753249e-01
   0.0000000e+00   1.7171857e-01   2.8063899e-01
   0.0000000e+00   2.0033833e-01   2.4374548e-01
   0.0000000e+00   2.2895809e-01   2.0685198e-01
   0.0000000e+00   2.5757785e-01   1.6995848e-01
   0.0000000e+00   2.8619762e-01   1.3306498e-01
   0.0000000e+00   3.1481738e-01   9.6171473e-02
   0.0000000e+00   3.4343714e-01   5.9277970e-02
   0.0000000e+00   3.7205690e-01   2.2384468e-02
   0.0000000e+00   3.4574627e-01   8.7086688e-02
   0.0000000e+00   3.1915961e-01   1.5229944e-01
   0.0000000e+00   2.9257294e-01   2.1751219e-01
   0.0000000e+00   2.6598628e-01   2.8272494e-01
   0.0000000e+00   2.3939961e-01   3.4793770e-01
   0.0000000e+00   2.1281295e-01   4.1315045e-01
   0.0000000e+00   1.8622629e-01   4.7836320e-01
   0.0000000e+00   1.5963962e-01   5.4357595e-01
   0.0000000e+00   1.3305296e-01   6.0878870e-01
   0.0000000e+00   1.0646630e-01   6.7400145e-01
   0.0000000e+00   7.9879631e-02   7.3921421e-01
   0.0000000e+00   5.3292968e-02   8.0442696e-01
   0.0000000e+00   2.6706304e-02   8.6963971e-01
   0.0000000e+00   1.1963999e-04   9.3485246e-01
   0.0000000e+00   5.5129496e-02   1.0000000e+00
   0.0000000e+00   1.1050820e-01   1.0000000e+00
   0.0000000e+00   1.6588690e-01   1.0000000e+00
   0.0000000e+00   2.2126560e-01   1.0000000e+00
   0.0000000e+00   2.7664430e-01   1.0000000e+00
   0.0000000e+00   3.3202300e-01   1.0000000e+00
   0.0000000e+00   3.8740170e-01   1.0000000e+00
   0.0000000e+00   4.4278040e-01   1.0000000e+00
   0.0000000e+00   4.9815910e-01   1.0000000e+00
   0.0000000e+00   5.5353780e-01   1.0000000e+00
   0.0000000e+00   6.0891650e-01   1.0000000e+00
   0.0000000e+00   6.6429520e-01   1.0000000e+00
   0.0000000e+00   7.1967390e-01   1.0000000e+00
   0.0000000e+00   7.5356526e-01   1.0000000e+00
   0.0000000e+00   7.7522593e-01   1.0000000e+00
   0.0000000e+00   7.9251159e-01   1.0000000e+00
   0.0000000e+00   8.0979725e-01   1.0000000e+00
   0.0000000e+00   8.2708291e-01   1.0000000e+00
   0.0000000e+00   8.4436857e-01   1.0000000e+00
   0.0000000e+00   8.6165423e-01   1.0000000e+00
   0.0000000e+00   8.7893988e-01   1.0000000e+00
   0.0000000e+00   8.9622554e-01   1.0000000e+00
   0.0000000e+00   9.1351120e-01   1.0000000e+00
   0.0000000e+00   9.3079686e-01   1.0000000e+00
   0.0000000e+00   9.4808252e-01   9.9985859e-01
   0.0000000e+00   9.6536818e-01   9.7414831e-01
   0.0000000e+00   9.8265384e-01   9.4843803e-01
   0.0000000e+00   9.9993950e-01   9.2272774e-01
   0.0000000e+00   9.9822288e-01   8.9701746e-01
   0.0000000e+00   9.9643953e-01   8.7130717e-01
   0.0000000e+00   9.9465617e-01   8.4559689e-01
   0.0000000e+00   9.9287281e-01   8.1988660e-01
   0.0000000e+00   9.9108945e-01   7.9417632e-01
   0.0000000e+00   9.8930609e-01   7.6846604e-01
   0.0000000e+00   9.8752273e-01   7.4275575e-01
   0.0000000e+00   9.8573937e-01   7.1704547e-01
   0.0000000e+00   9.8395602e-01   6.9133518e-01
   0.0000000e+00   9.8217266e-01   6.6562490e-01
   0.0000000e+00   9.8040000e-01   6.3991462e-01
   0.0000000e+00   9.8040000e-01   6.1402949e-01
   0.0000000e+00   9.8040000e-01   5.7311602e-01
   0.0000000e+00   9.8040000e-01   5.3220254e-01
   0.0000000e+00   9.8203047e-01   4.9128906e-01
   0.0000000e+00   9.8366585e-01   4.5037558e-01
   0.0000000e+00   9.8530123e-01   4.0946210e-01
   0.0000000e+00   9.8693660e-01   3.6854862e-01
   0.0000000e+00   9.8857198e-01   3.2763514e-01
   0.0000000e+00   9.9020736e-01   2.8672166e-01
   0.0000000e+00   9.9184274e-01   2.4580818e-01
   0.0000000e+00   9.9347811e-01   2.0489470e-01
   0.0000000e+00   9.9511349e-01   1.6398122e-01
   2.4974200e-05   9.9674887e-01   1.2306775e-01
   2.4999174e-02   9.9838425e-01   8.2154266e-02
   4.9973375e-02   9.9982293e-01   4.1240787e-02
   7.4947575e-02   9.8506707e-01   3.2730783e-04
   9.9921775e-02   9.7031120e-01   0.0000000e+00
   1.2489598e-01   9.5555534e-01   0.0000000e+00
   1.4987018e-01   9.4079948e-01   0.0000000e+00
   1.7484438e-01   9.2604361e-01   0.0000000e+00
   1.9981858e-01   9.1128775e-01   0.0000000e+00
   2.2479278e-01   8.9653189e-01   0.0000000e+00
   2.4976698e-01   8.8177602e-01   0.0000000e+00
   2.7474118e-01   8.6702016e-01   0.0000000e+00
   2.9971538e-01   8.5226430e-01   0.0000000e+00
   3.2468958e-01   8.3750844e-01   0.0000000e+00
   3.4966378e-01   8.2275257e-01   0.0000000e+00
   3.7463798e-01   8.0818944e-01   0.0000000e+00
   3.9939708e-01   8.2096616e-01   0.0000000e+00
   4.0716332e-01   8.3374288e-01   0.0000000e+00
   4.1492957e-01   8.4651961e-01   0.0000000e+00
   4.2269581e-01   8.5929633e-01   0.0000000e+00
   4.3046205e-01   8.7207306e-01   0.0000000e+00
   4.3822830e-01   8.8484978e-01   0.0000000e+00
   4.4599454e-01   8.9762650e-01   0.0000000e+00
   4.5376078e-01   9.1040323e-01   0.0000000e+00
   4.6152703e-01   9.2317995e-01   0.0000000e+00
   4.6929327e-01   9.3595667e-01   0.0000000e+00
   4.7705952e-01   9.4873340e-01   0.0000000e+00
   4.8482576e-01   9.6151012e-01   0.0000000e+00
   4.9259200e-01   9.7428684e-01   1.5564913e-02
   5.0043385e-01   9.8706357e-01   3.1184494e-02
   5.1828092e-01   9.9984029e-01   4.6804075e-02
   5.3612798e-01   1.0000000e+00   6.2423656e-02
   5.5397505e-01   1.0000000e+00   7.8043237e-02
   5.7182212e-01   1.0000000e+00   9.3662818e-02
   5.8966918e-01   1.0000000e+00   1.0928240e-01
   6.0751625e-01   1.0000000e+00   1.2490198e-01
   6.2536331e-01   1.0000000e+00   1.4052156e-01
   6.4321038e-01   1.0000000e+00   1.5614114e-01
   6.6105745e-01   1.0000000e+00   1.7176072e-01
   6.7890451e-01   1.0000000e+00   1.8738031e-01
   6.9675158e-01   1.0000000e+00   2.0299989e-01
   7.1459864e-01   1.0000000e+00   2.1861947e-01
   7.3244571e-01   1.0000000e+00   2.3416095e-01
   7.5029278e-01   1.0000000e+00   2.1854137e-01
   7.6813984e-01   1.0000000e+00   2.0292179e-01
   7.8598691e-01   1.0000000e+00   1.8730221e-01
   8.0383397e-01   1.0000000e+00   1.7168263e-01
   8.2168104e-01   1.0000000e+00   1.5606305e-01
   8.3952811e-01   1.0000000e+00   1.4044346e-01
   8.5737517e-01   1.0000000e+00   1.2482388e-01
   8.7522224e-01   1.0000000e+00   1.0920430e-01
   8.9306930e-01   1.0000000e+00   9.3584721e-02
   9.1091637e-01   1.0000000e+00   7.7965139e-02
   9.2876344e-01   1.0000000e+00   6.2345558e-02
   9.4661050e-01   1.0000000e+00   4.6725977e-02
   9.6445757e-01   9.9040560e-01   3.1106396e-02
   9.8230463e-01   9.8073383e-01   1.5486815e-02
   1.0000000e+00   9.7106205e-01   0.0000000e+00
   1.0000000e+00   9.6139028e-01   0.0000000e+00
   1.0000000e+00   9.5171850e-01   0.0000000e+00
   1.0000000e+00   9.4204673e-01   0.0000000e+00
   1.0000000e+00   9.3237496e-01   0.0000000e+00
   1.0000000e+00   9.2270318e-01   0.0000000e+00
   1.0000000e+00   9.1303141e-01   0.0000000e+00
   1.0000000e+00   9.0335963e-01   0.0000000e+00
   1.0000000e+00   8.9368786e-01   0.0000000e+00
   1.0000000e+00   8.8401609e-01   0.0000000e+00
   1.0000000e+00   8.7434431e-01   0.0000000e+00
   1.0000000e+00   8.6467254e-01   0.0000000e+00
   1.0000000e+00   8.5500076e-01   0.0000000e+00
   1.0000000e+00   8.4532899e-01   4.2130104e-03
   1.0000000e+00   8.3565722e-01   8.4344637e-03
   1.0000000e+00   8.2598544e-01   1.2655917e-02
   1.0000000e+00   8.1631367e-01   1.6877370e-02
   1.0000000e+00   8.0664189e-01   2.1098824e-02
   1.0000000e+00   7.9697012e-01   2.5320277e-02
   1.0000000e+00   7.8729835e-01   2.9541730e-02
   1.0000000e+00   7.7762657e-01   3.3763183e-02
   1.0000000e+00   7.6795480e-01   3.7984637e-02
   1.0000000e+00   7.5828302e-01   4.2206090e-02
   1.0000000e+00   7.4861125e-01   4.6427543e-02
   1.0000000e+00   7.3893948e-01   5.0648997e-02
   1.0000000e+00   7.2926770e-01   5.4870450e-02
   1.0000000e+00   6.9730938e-01   5.1264166e-02
   1.0000000e+00   6.6519394e-01   4.7602701e-02
   1.0000000e+00   6.3307851e-01   4.3941236e-02
   1.0000000e+00   6.0096308e-01   4.0279772e-02
   1.0000000e+00   5.6884764e-01   3.6618307e-02
   1.0000000e+00   5.3673221e-01   3.2956843e-02
   1.0000000e+00   5.0461678e-01   2.9295378e-02
   1.0000000e+00   4.7250135e-01   2.5633914e-02
   1.0000000e+00   4.4038591e-01   2.1972449e-02
   1.0000000e+00   4.0827048e-01   1.8310984e-02
   1.0000000e+00   3.7615505e-01   1.4649520e-02
   1.0000000e+00   3.4403962e-01   1.0988055e-02
   1.0000000e+00   3.1192418e-01   7.3265906e-03
   1.0000000e+00   2.7980875e-01   3.6651261e-03
   1.0000000e+00   2.6107375e-01   3.6614646e-06
   1.0000000e+00   2.4242629e-01   0.0000000e+00
   1.0000000e+00   2.2377883e-01   0.0000000e+00
   1.0000000e+00   2.0513137e-01   0.0000000e+00
   1.0000000e+00   1.8648391e-01   0.0000000e+00
   1.0000000e+00   1.6783645e-01   0.0000000e+00
   1.0000000e+00   1.4918900e-01   0.0000000e+00
   1.0000000e+00   1.3054154e-01   0.0000000e+00
   1.0000000e+00   1.1189408e-01   0.0000000e+00
   1.0000000e+00   9.3246619e-02   0.0000000e+00
   1.0000000e+00   7.4599160e-02   0.0000000e+00
   1.0000000e+00   5.5951701e-02   0.0000000e+00
   1.0000000e+00   3.7304242e-02   0.0000000e+00
   1.0000000e+00   1.8656783e-02   6.8759691e-02
   1.0000000e+00   9.3237295e-06   1.3831932e-01
   1.0000000e+00   0.0000000e+00   2.0787895e-01
   1.0000000e+00   0.0000000e+00   2.7743857e-01
   1.0000000e+00   0.0000000e+00   3.4699820e-01
   1.0000000e+00   0.0000000e+00   4.1655783e-01
   1.0000000e+00   0.0000000e+00   4.8611745e-01
   1.0000000e+00   0.0000000e+00   5.5567708e-01
   1.0000000e+00   0.0000000e+00   6.2523671e-01
   1.0000000e+00   0.0000000e+00   6.9479634e-01
   1.0000000e+00   0.0000000e+00   7.6435596e-01
   1.0000000e+00   0.0000000e+00   8.3391559e-01
   1.0000000e+00   0.0000000e+00   9.0347522e-01
   1.0000000e+00   0.0000000e+00   9.7303484e-01
   9.7328192e-01   1.3357348e-02   9.8682755e-01
   9.4626667e-01   2.6863261e-02   1.0000000e+00
   9.1925142e-01   4.0369174e-02   1.0000000e+00
   8.9223617e-01   5.3875088e-02   1.0000000e+00
   8.6522092e-01   6.7381001e-02   1.0000000e+00
   8.3820566e-01   8.0886914e-02   1.0000000e+00
   8.1119041e-01   9.4392827e-02   1.0000000e+00
   7.8417516e-01   1.0789874e-01   1.0000000e+00
   7.5715991e-01   1.2140465e-01   1.0000000e+00
   7.3014466e-01   1.3491057e-01   1.0000000e+00
   7.0312941e-01   1.4841648e-01   1.0000000e+00
   6.7611416e-01   1.6192239e-01   1.0000000e+00
   6.4909891e-01   1.7552034e-01   9.9995528e-01
   6.2208366e-01   1.9871403e-01   9.9524797e-01
   6.4480028e-01   2.2190771e-01   9.9054066e-01
   6.6804463e-01   2.4510140e-01   9.8583335e-01
   6.9128897e-01   2.6829508e-01   9.8112604e-01
   7.1453332e-01   2.9148877e-01   9.7641873e-01
   7.3777767e-01   3.1468245e-01   9.7171141e-01
   7.6102202e-01   3.3787614e-01   9.6700410e-01
   7.8426636e-01   3.6106982e-01   9.6229679e-01
   8.0751071e-01   3.8426351e-01   9.5758948e-01
   8.3075506e-01   4.0745719e-01   9.5288217e-01
   8.5399940e-01   4.3065088e-01   9.4817486e-01
   8.7724375e-01   4.5384457e-01   9.4346755e-01
   9.0048810e-01   4.7703825e-01   9.3876024e-01
   9.2352791e-01   5.0018166e-01   9.3412384e-01
   9.2631915e-01   5.1834775e-01   9.3650754e-01
   9.2911038e-01   5.3651384e-01   9.3889123e-01
   9.3190161e-01   5.5467993e-01   9.4127493e-01
   9.3469285e-01   5.7284602e-01   9.4365863e-01
   9.3748408e-01   5.9101211e-01   9.4604233e-01
   9.4027532e-01   6.0917820e-01   9.4842603e-01
   9.4306655e-01   6.2734429e-01   9.5080973e-01
   9.4585779e-01   6.4551038e-01   9.5319343e-01
   9.4864902e-01   6.6367647e-01   9.5557712e-01
   9.5144025e-01   6.8184256e-01   9.5796082e-01
   9.5423149e-01   7.0000865e-01   9.6034452e-01
   9.5702272e-01   7.1817474e-01   9.6272822e-01
   9.5981396e-01   7.3634083e-01   9.6511192e-01
   9.6260519e-01   7.5450692e-01   9.6749562e-01
   9.6539642e-01   7.7267301e-01   9.6987932e-01
   9.6818766e-01   7.9083910e-01   9.7226301e-01
   9.7097889e-01   8.0900519e-01   9.7464671e-01
   9.7377013e-01   8.2717128e-01   9.7703041e-01
   9.7656136e-01   8.4533737e-01   9.7941411e-01
   9.7935260e-01   8.6350346e-01   9.8179781e-01
   9.8214383e-01   8.8166955e-01   9.8418151e-01
   9.8493506e-01   8.9983564e-01   9.8656521e-01
   9.8772630e-01   9.1800173e-01   9.8894890e-01
   9.9051753e-01   9.3616782e-01   9.9133260e-01
   9.9330877e-01   9.5433391e-01   9.9371630e-01
   9.9610000e-01   9.7250000e-01   9.9610000e-01
