   1.0000000e+00   0.0000000e+00   1.6000000e-01
   1.0000000e+00   0.0000000e+00   1.3908497e-01
   1.0000000e+00   0.0000000e+00   1.1816993e-01
   1.0000000e+00   0.0000000e+00   9.7254902e-02
   1.0000000e+00   0.0000000e+00   7.6339869e-02
   1.0000000e+00   0.0000000e+00   5.5424837e-02
   1.0000000e+00   0.0000000e+00   3.4509804e-02
   1.0000000e+00   0.0000000e+00   1.3594771e-02
   1.0000000e+00   7.4191839e-03   0.0000000e+00
   1.0000000e+00   2.8616852e-02   0.0000000e+00
   1.0000000e+00   4.9814520e-02   0.0000000e+00
   1.0000000e+00   7.1012189e-02   0.0000000e+00
   1.0000000e+00   9.2209857e-02   0.0000000e+00
   1.0000000e+00   1.1340753e-01   0.0000000e+00
   1.0000000e+00   1.3460519e-01   0.0000000e+00
   1.0000000e+00   1.5580286e-01   0.0000000e+00
   1.0000000e+00   1.7700053e-01   0.0000000e+00
   1.0000000e+00   1.9819820e-01   0.0000000e+00
   1.0000000e+00   2.1939587e-01   0.0000000e+00
   1.0000000e+00   2.4059353e-01   0.0000000e+00
   1.0000000e+00   2.6179120e-01   0.0000000e+00
   1.0000000e+00   2.8298887e-01   0.0000000e+00
   1.0000000e+00   3.0418654e-01   0.0000000e+00
   1.0000000e+00   3.2538421e-01   0.0000000e+00
   1.0000000e+00   3.4658188e-01   0.0000000e+00
   1.0000000e+00   3.6777954e-01   0.0000000e+00
   1.0000000e+00   3.8897721e-01   0.0000000e+00
   1.0000000e+00   4.1017488e-01   0.0000000e+00
   1.0000000e+00   4.3137255e-01   0.0000000e+00
   1.0000000e+00   4.5257022e-01   0.0000000e+00
   1.0000000e+00   4.7376789e-01   0.0000000e+00
   1.0000000e+00   4.9496555e-01   0.0000000e+00
   1.0000000e+00   5.1616322e-01   0.0000000e+00
   1.0000000e+00   5.3736089e-01   0.0000000e+00
   1.0000000e+00   5.5855856e-01   0.0000000e+00
   1.0000000e+00   5.7975623e-01   0.0000000e+00
   1.0000000e+00   6.0095390e-01   0.0000000e+00
   1.0000000e+00   6.2215156e-01   0.0000000e+00
   1.0000000e+00   6.4334923e-01   0.0000000e+00
   1.0000000e+00   6.6454690e-01   0.0000000e+00
   1.0000000e+00   6.8574457e-01   0.0000000e+00
   1.0000000e+00   7.0694224e-01   0.0000000e+00
   1.0000000e+00   7.2813990e-01   0.0000000e+00
   1.0000000e+00   7.4933757e-01   0.0000000e+00
   1.0000000e+00   7.7053524e-01   0.0000000e+00
   1.0000000e+00   7.9173291e-01   0.0000000e+00
   1.0000000e+00   8.1293058e-01   0.0000000e+00
   1.0000000e+00   8.3412825e-01   0.0000000e+00
   1.0000000e+00   8.5532591e-01   0.0000000e+00
   1.0000000e+00   8.7652358e-01   0.0000000e+00
   1.0000000e+00   8.9772125e-01   0.0000000e+00
   1.0000000e+00   9.1891892e-01   0.0000000e+00
   1.0000000e+00   9.4011659e-01   0.0000000e+00
   1.0000000e+00   9.6131426e-01   0.0000000e+00
   1.0000000e+00   9.8251192e-01   0.0000000e+00
   9.9629041e-01   1.0000000e+00   0.0000000e+00
   9.7509274e-01   1.0000000e+00   0.0000000e+00
   9.5389507e-01   1.0000000e+00   0.0000000e+00
   9.3269740e-01   1.0000000e+00   0.0000000e+00
   9.1149974e-01   1.0000000e+00   0.0000000e+00
   8.9030207e-01   1.0000000e+00   0.0000000e+00
   8.6910440e-01   1.0000000e+00   0.0000000e+00
   8.4790673e-01   1.0000000e+00   0.0000000e+00
   8.2670906e-01   1.0000000e+00   0.0000000e+00
   8.0551139e-01   1.0000000e+00   0.0000000e+00
   7.8431373e-01   1.0000000e+00   0.0000000e+00
   7.6311606e-01   1.0000000e+00   0.0000000e+00
   7.4191839e-01   1.0000000e+00   0.0000000e+00
   7.2072072e-01   1.0000000e+00   0.0000000e+00
   6.9952305e-01   1.0000000e+00   0.0000000e+00
   6.7832538e-01   1.0000000e+00   0.0000000e+00
   6.5712772e-01   1.0000000e+00   0.0000000e+00
   6.3593005e-01   1.0000000e+00   0.0000000e+00
   6.1473238e-01   1.0000000e+00   0.0000000e+00
   5.9353471e-01   1.0000000e+00   0.0000000e+00
   5.7233704e-01   1.0000000e+00   0.0000000e+00
   5.5113937e-01   1.0000000e+00   0.0000000e+00
   5.2994171e-01   1.0000000e+00   0.0000000e+00
   5.0874404e-01   1.0000000e+00   0.0000000e+00
   4.8754637e-01   1.0000000e+00   0.0000000e+00
   4.6634870e-01   1.0000000e+00   0.0000000e+00
   4.4515103e-01   1.0000000e+00   0.0000000e+00
   4.2395337e-01   1.0000000e+00   0.0000000e+00
   4.0275570e-01   1.0000000e+00   0.0000000e+00
   3.8155803e-01   1.0000000e+00   0.0000000e+00
   3.6036036e-01   1.0000000e+00   0.0000000e+00
   3.3916269e-01   1.0000000e+00   0.0000000e+00
   3.1796502e-01   1.0000000e+00   0.0000000e+00
   2.9676736e-01   1.0000000e+00   0.0000000e+00
   2.7556969e-01   1.0000000e+00   0.0000000e+00
   2.5437202e-01   1.0000000e+00   0.0000000e+00
   2.3317435e-01   1.0000000e+00   0.0000000e+00
   2.1197668e-01   1.0000000e+00   0.0000000e+00
   1.9077901e-01   1.0000000e+00   0.0000000e+00
   1.6958135e-01   1.0000000e+00   0.0000000e+00
   1.4838368e-01   1.0000000e+00   0.0000000e+00
   1.2718601e-01   1.0000000e+00   0.0000000e+00
   1.0598834e-01   1.0000000e+00   0.0000000e+00
   8.4790673e-02   1.0000000e+00   0.0000000e+00
   6.3593005e-02   1.0000000e+00   0.0000000e+00
   4.2395337e-02   1.0000000e+00   0.0000000e+00
   2.1197668e-02   1.0000000e+00   0.0000000e+00
   0.0000000e+00   1.0000000e+00   0.0000000e+00
   0.0000000e+00   1.0000000e+00   2.1083702e-02
   0.0000000e+00   1.0000000e+00   4.2167405e-02
   0.0000000e+00   1.0000000e+00   6.3251107e-02
   0.0000000e+00   1.0000000e+00   8.4334809e-02
   0.0000000e+00   1.0000000e+00   1.0541851e-01
   0.0000000e+00   1.0000000e+00   1.2650221e-01
   0.0000000e+00   1.0000000e+00   1.4758592e-01
   0.0000000e+00   1.0000000e+00   1.6866962e-01
   0.0000000e+00   1.0000000e+00   1.8975332e-01
   0.0000000e+00   1.0000000e+00   2.1083702e-01
   0.0000000e+00   1.0000000e+00   2.3192073e-01
   0.0000000e+00   1.0000000e+00   2.5300443e-01
   0.0000000e+00   1.0000000e+00   2.7408813e-01
   0.0000000e+00   1.0000000e+00   2.9517183e-01
   0.0000000e+00   1.0000000e+00   3.1625553e-01
   0.0000000e+00   1.0000000e+00   3.3733924e-01
   0.0000000e+00   1.0000000e+00   3.5842294e-01
   0.0000000e+00   1.0000000e+00   3.7950664e-01
   0.0000000e+00   1.0000000e+00   4.0059034e-01
   0.0000000e+00   1.0000000e+00   4.2167405e-01
   0.0000000e+00   1.0000000e+00   4.4275775e-01
   0.0000000e+00   1.0000000e+00   4.6384145e-01
   0.0000000e+00   1.0000000e+00   4.8492515e-01
   0.0000000e+00   1.0000000e+00   5.0600886e-01
   0.0000000e+00   1.0000000e+00   5.2709256e-01
   0.0000000e+00   1.0000000e+00   5.4817626e-01
   0.0000000e+00   1.0000000e+00   5.6925996e-01
   0.0000000e+00   1.0000000e+00   5.9034366e-01
   0.0000000e+00   1.0000000e+00   6.1142737e-01
   0.0000000e+00   1.0000000e+00   6.3251107e-01
   0.0000000e+00   1.0000000e+00   6.5359477e-01
   0.0000000e+00   1.0000000e+00   6.7467847e-01
   0.0000000e+00   1.0000000e+00   6.9576218e-01
   0.0000000e+00   1.0000000e+00   7.1684588e-01
   0.0000000e+00   1.0000000e+00   7.3792958e-01
   0.0000000e+00   1.0000000e+00   7.5901328e-01
   0.0000000e+00   1.0000000e+00   7.8009699e-01
   0.0000000e+00   1.0000000e+00   8.0118069e-01
   0.0000000e+00   1.0000000e+00   8.2226439e-01
   0.0000000e+00   1.0000000e+00   8.4334809e-01
   0.0000000e+00   1.0000000e+00   8.6443179e-01
   0.0000000e+00   1.0000000e+00   8.8551550e-01
   0.0000000e+00   1.0000000e+00   9.0659920e-01
   0.0000000e+00   1.0000000e+00   9.2768290e-01
   0.0000000e+00   1.0000000e+00   9.4876660e-01
   0.0000000e+00   1.0000000e+00   9.6985031e-01
   0.0000000e+00   1.0000000e+00   9.9093401e-01
   0.0000000e+00   9.8785166e-01   1.0000000e+00
   0.0000000e+00   9.6653879e-01   1.0000000e+00
   0.0000000e+00   9.4522592e-01   1.0000000e+00
   0.0000000e+00   9.2391304e-01   1.0000000e+00
   0.0000000e+00   9.0260017e-01   1.0000000e+00
   0.0000000e+00   8.8128730e-01   1.0000000e+00
   0.0000000e+00   8.5997442e-01   1.0000000e+00
   0.0000000e+00   8.3866155e-01   1.0000000e+00
   0.0000000e+00   8.1734868e-01   1.0000000e+00
   0.0000000e+00   7.9603581e-01   1.0000000e+00
   0.0000000e+00   7.7472293e-01   1.0000000e+00
   0.0000000e+00   7.5341006e-01   1.0000000e+00
   0.0000000e+00   7.3209719e-01   1.0000000e+00
   0.0000000e+00   7.1078431e-01   1.0000000e+00
   0.0000000e+00   6.8947144e-01   1.0000000e+00
   0.0000000e+00   6.6815857e-01   1.0000000e+00
   0.0000000e+00   6.4684569e-01   1.0000000e+00
   0.0000000e+00   6.2553282e-01   1.0000000e+00
   0.0000000e+00   6.0421995e-01   1.0000000e+00
   0.0000000e+00   5.8290708e-01   1.0000000e+00
   0.0000000e+00   5.6159420e-01   1.0000000e+00
   0.0000000e+00   5.4028133e-01   1.0000000e+00
   0.0000000e+00   5.1896846e-01   1.0000000e+00
   0.0000000e+00   4.9765558e-01   1.0000000e+00
   0.0000000e+00   4.7634271e-01   1.0000000e+00
   0.0000000e+00   4.5502984e-01   1.0000000e+00
   0.0000000e+00   4.3371697e-01   1.0000000e+00
   0.0000000e+00   4.1240409e-01   1.0000000e+00
   0.0000000e+00   3.9109122e-01   1.0000000e+00
   0.0000000e+00   3.6977835e-01   1.0000000e+00
   0.0000000e+00   3.4846547e-01   1.0000000e+00
   0.0000000e+00   3.2715260e-01   1.0000000e+00
   0.0000000e+00   3.0583973e-01   1.0000000e+00
   0.0000000e+00   2.8452685e-01   1.0000000e+00
   0.0000000e+00   2.6321398e-01   1.0000000e+00
   0.0000000e+00   2.4190111e-01   1.0000000e+00
   0.0000000e+00   2.2058824e-01   1.0000000e+00
   0.0000000e+00   1.9927536e-01   1.0000000e+00
   0.0000000e+00   1.7796249e-01   1.0000000e+00
   0.0000000e+00   1.5664962e-01   1.0000000e+00
   0.0000000e+00   1.3533674e-01   1.0000000e+00
   0.0000000e+00   1.1402387e-01   1.0000000e+00
   0.0000000e+00   9.2710997e-02   1.0000000e+00
   0.0000000e+00   7.1398124e-02   1.0000000e+00
   0.0000000e+00   5.0085251e-02   1.0000000e+00
   0.0000000e+00   2.8772379e-02   1.0000000e+00
   0.0000000e+00   7.4595055e-03   1.0000000e+00
   1.3853367e-02   0.0000000e+00   1.0000000e+00
   3.5166240e-02   0.0000000e+00   1.0000000e+00
   5.6479113e-02   0.0000000e+00   1.0000000e+00
   7.7791986e-02   0.0000000e+00   1.0000000e+00
   9.9104859e-02   0.0000000e+00   1.0000000e+00
   1.2041773e-01   0.0000000e+00   1.0000000e+00
   1.4173061e-01   0.0000000e+00   1.0000000e+00
   1.6304348e-01   0.0000000e+00   1.0000000e+00
   1.8435635e-01   0.0000000e+00   1.0000000e+00
   2.0566922e-01   0.0000000e+00   1.0000000e+00
   2.2698210e-01   0.0000000e+00   1.0000000e+00
   2.4829497e-01   0.0000000e+00   1.0000000e+00
   2.6960784e-01   0.0000000e+00   1.0000000e+00
   2.9092072e-01   0.0000000e+00   1.0000000e+00
   3.1223359e-01   0.0000000e+00   1.0000000e+00
   3.3354646e-01   0.0000000e+00   1.0000000e+00
   3.5485934e-01   0.0000000e+00   1.0000000e+00
   3.7617221e-01   0.0000000e+00   1.0000000e+00
   3.9748508e-01   0.0000000e+00   1.0000000e+00
   4.1879795e-01   0.0000000e+00   1.0000000e+00
   4.4011083e-01   0.0000000e+00   1.0000000e+00
   4.6142370e-01   0.0000000e+00   1.0000000e+00
   4.8273657e-01   0.0000000e+00   1.0000000e+00
   5.0404945e-01   0.0000000e+00   1.0000000e+00
   5.2536232e-01   0.0000000e+00   1.0000000e+00
   5.4667519e-01   0.0000000e+00   1.0000000e+00
   5.6798806e-01   0.0000000e+00   1.0000000e+00
   5.8930094e-01   0.0000000e+00   1.0000000e+00
   6.1061381e-01   0.0000000e+00   1.0000000e+00
   6.3192668e-01   0.0000000e+00   1.0000000e+00
   6.5323956e-01   0.0000000e+00   1.0000000e+00
   6.7455243e-01   0.0000000e+00   1.0000000e+00
   6.9586530e-01   0.0000000e+00   1.0000000e+00
   7.1717818e-01   0.0000000e+00   1.0000000e+00
   7.3849105e-01   0.0000000e+00   1.0000000e+00
   7.5980392e-01   0.0000000e+00   1.0000000e+00
   7.8111679e-01   0.0000000e+00   1.0000000e+00
   8.0242967e-01   0.0000000e+00   1.0000000e+00
   8.2374254e-01   0.0000000e+00   1.0000000e+00
   8.4505541e-01   0.0000000e+00   1.0000000e+00
   8.6636829e-01   0.0000000e+00   1.0000000e+00
   8.8768116e-01   0.0000000e+00   1.0000000e+00
   9.0899403e-01   0.0000000e+00   1.0000000e+00
   9.3030691e-01   0.0000000e+00   1.0000000e+00
   9.5161978e-01   0.0000000e+00   1.0000000e+00
   9.7293265e-01   0.0000000e+00   1.0000000e+00
   9.9424552e-01   0.0000000e+00   1.0000000e+00
   1.0000000e+00   0.0000000e+00   9.8444160e-01
   1.0000000e+00   0.0000000e+00   9.6312873e-01
   1.0000000e+00   0.0000000e+00   9.4181586e-01
   1.0000000e+00   0.0000000e+00   9.2050298e-01
   1.0000000e+00   0.0000000e+00   8.9919011e-01
   1.0000000e+00   0.0000000e+00   8.7787724e-01
   1.0000000e+00   0.0000000e+00   8.5656436e-01
   1.0000000e+00   0.0000000e+00   8.3525149e-01
   1.0000000e+00   0.0000000e+00   8.1393862e-01
   1.0000000e+00   0.0000000e+00   7.9262575e-01
   1.0000000e+00   0.0000000e+00   7.7131287e-01
   1.0000000e+00   0.0000000e+00   7.5000000e-01
