   9.6862745e-01   9.8823529e-01   9.4117647e-01
   9.6579777e-01   9.8712803e-01   9.3859285e-01
   9.6296809e-01   9.8602076e-01   9.3600923e-01
   9.6013841e-01   9.8491349e-01   9.3342561e-01
   9.5730873e-01   9.8380623e-01   9.3084198e-01
   9.5447905e-01   9.8269896e-01   9.2825836e-01
   9.5164937e-01   9.8159170e-01   9.2567474e-01
   9.4881968e-01   9.8048443e-01   9.2309112e-01
   9.4599000e-01   9.7937716e-01   9.2050750e-01
   9.4316032e-01   9.7826990e-01   9.1792388e-01
   9.4033064e-01   9.7716263e-01   9.1534025e-01
   9.3750096e-01   9.7605536e-01   9.1275663e-01
   9.3467128e-01   9.7494810e-01   9.1017301e-01
   9.3184160e-01   9.7384083e-01   9.0758939e-01
   9.2901192e-01   9.7273356e-01   9.0500577e-01
   9.2618224e-01   9.7162630e-01   9.0242215e-01
   9.2335256e-01   9.7051903e-01   8.9983852e-01
   9.2052288e-01   9.6941176e-01   8.9725490e-01
   9.1769319e-01   9.6830450e-01   8.9467128e-01
   9.1486351e-01   9.6719723e-01   8.9208766e-01
   9.1203383e-01   9.6608997e-01   8.8950404e-01
   9.0920415e-01   9.6498270e-01   8.8692042e-01
   9.0637447e-01   9.6387543e-01   8.8433679e-01
   9.0354479e-01   9.6276817e-01   8.8175317e-01
   9.0071511e-01   9.6166090e-01   8.7916955e-01
   8.9788543e-01   9.6055363e-01   8.7658593e-01
   8.9505575e-01   9.5944637e-01   8.7400231e-01
   8.9222607e-01   9.5833910e-01   8.7141869e-01
   8.8939639e-01   9.5723183e-01   8.6883506e-01
   8.8656671e-01   9.5612457e-01   8.6625144e-01
   8.8373702e-01   9.5501730e-01   8.6366782e-01
   8.8090734e-01   9.5391003e-01   8.6108420e-01
   8.7812380e-01   9.5281815e-01   8.5848520e-01
   8.7566321e-01   9.5183391e-01   8.5577855e-01
   8.7320261e-01   9.5084967e-01   8.5307190e-01
   8.7074202e-01   9.4986544e-01   8.5036524e-01
   8.6828143e-01   9.4888120e-01   8.4765859e-01
   8.6582084e-01   9.4789696e-01   8.4495194e-01
   8.6336025e-01   9.4691273e-01   8.4224529e-01
   8.6089965e-01   9.4592849e-01   8.3953864e-01
   8.5843906e-01   9.4494425e-01   8.3683199e-01
   8.5597847e-01   9.4396002e-01   8.3412534e-01
   8.5351788e-01   9.4297578e-01   8.3141869e-01
   8.5105729e-01   9.4199154e-01   8.2871203e-01
   8.4859669e-01   9.4100730e-01   8.2600538e-01
   8.4613610e-01   9.4002307e-01   8.2329873e-01
   8.4367551e-01   9.3903883e-01   8.2059208e-01
   8.4121492e-01   9.3805459e-01   8.1788543e-01
   8.3875433e-01   9.3707036e-01   8.1517878e-01
   8.3629373e-01   9.3608612e-01   8.1247213e-01
   8.3383314e-01   9.3510188e-01   8.0976547e-01
   8.3137255e-01   9.3411765e-01   8.0705882e-01
   8.2891196e-01   9.3313341e-01   8.0435217e-01
   8.2645136e-01   9.3214917e-01   8.0164552e-01
   8.2399077e-01   9.3116494e-01   7.9893887e-01
   8.2153018e-01   9.3018070e-01   7.9623222e-01
   8.1906959e-01   9.2919646e-01   7.9352557e-01
   8.1660900e-01   9.2821223e-01   7.9081892e-01
   8.1414840e-01   9.2722799e-01   7.8811226e-01
   8.1168781e-01   9.2624375e-01   7.8540561e-01
   8.0922722e-01   9.2525952e-01   7.8269896e-01
   8.0676663e-01   9.2427528e-01   7.7999231e-01
   8.0430604e-01   9.2329104e-01   7.7728566e-01
   8.0184544e-01   9.2230681e-01   7.7457901e-01
   7.9889273e-01   9.2113802e-01   7.7205690e-01
   7.9446367e-01   9.1941561e-01   7.7008843e-01
   7.9003460e-01   9.1769319e-01   7.6811995e-01
   7.8560554e-01   9.1597078e-01   7.6615148e-01
   7.8117647e-01   9.1424837e-01   7.6418301e-01
   7.7674740e-01   9.1252595e-01   7.6221453e-01
   7.7231834e-01   9.1080354e-01   7.6024606e-01
   7.6788927e-01   9.0908112e-01   7.5827759e-01
   7.6346021e-01   9.0735871e-01   7.5630911e-01
   7.5903114e-01   9.0563629e-01   7.5434064e-01
   7.5460208e-01   9.0391388e-01   7.5237216e-01
   7.5017301e-01   9.0219146e-01   7.5040369e-01
   7.4574394e-01   9.0046905e-01   7.4843522e-01
   7.4131488e-01   8.9874664e-01   7.4646674e-01
   7.3688581e-01   8.9702422e-01   7.4449827e-01
   7.3245675e-01   8.9530181e-01   7.4252980e-01
   7.2802768e-01   8.9357939e-01   7.4056132e-01
   7.2359862e-01   8.9185698e-01   7.3859285e-01
   7.1916955e-01   8.9013456e-01   7.3662438e-01
   7.1474048e-01   8.8841215e-01   7.3465590e-01
   7.1031142e-01   8.8668973e-01   7.3268743e-01
   7.0588235e-01   8.8496732e-01   7.3071895e-01
   7.0145329e-01   8.8324491e-01   7.2875048e-01
   6.9702422e-01   8.8152249e-01   7.2678201e-01
   6.9259516e-01   8.7980008e-01   7.2481353e-01
   6.8816609e-01   8.7807766e-01   7.2284506e-01
   6.8373702e-01   8.7635525e-01   7.2087659e-01
   6.7930796e-01   8.7463283e-01   7.1890811e-01
   6.7487889e-01   8.7291042e-01   7.1693964e-01
   6.7044983e-01   8.7118800e-01   7.1497116e-01
   6.6602076e-01   8.6946559e-01   7.1300269e-01
   6.6159170e-01   8.6774318e-01   7.1103422e-01
   6.5674740e-01   8.6588235e-01   7.1049596e-01
   6.5121107e-01   8.6379085e-01   7.1234141e-01
   6.4567474e-01   8.6169935e-01   7.1418685e-01
   6.4013841e-01   8.5960784e-01   7.1603230e-01
   6.3460208e-01   8.5751634e-01   7.1787774e-01
   6.2906574e-01   8.5542484e-01   7.1972318e-01
   6.2352941e-01   8.5333333e-01   7.2156863e-01
   6.1799308e-01   8.5124183e-01   7.2341407e-01
   6.1245675e-01   8.4915033e-01   7.2525952e-01
   6.0692042e-01   8.4705882e-01   7.2710496e-01
   6.0138408e-01   8.4496732e-01   7.2895040e-01
   5.9584775e-01   8.4287582e-01   7.3079585e-01
   5.9031142e-01   8.4078431e-01   7.3264129e-01
   5.8477509e-01   8.3869281e-01   7.3448674e-01
   5.7923875e-01   8.3660131e-01   7.3633218e-01
   5.7370242e-01   8.3450980e-01   7.3817762e-01
   5.6816609e-01   8.3241830e-01   7.4002307e-01
   5.6262976e-01   8.3032680e-01   7.4186851e-01
   5.5709343e-01   8.2823529e-01   7.4371396e-01
   5.5155709e-01   8.2614379e-01   7.4555940e-01
   5.4602076e-01   8.2405229e-01   7.4740484e-01
   5.4048443e-01   8.2196078e-01   7.4925029e-01
   5.3494810e-01   8.1986928e-01   7.5109573e-01
   5.2941176e-01   8.1777778e-01   7.5294118e-01
   5.2387543e-01   8.1568627e-01   7.5478662e-01
   5.1833910e-01   8.1359477e-01   7.5663206e-01
   5.1280277e-01   8.1150327e-01   7.5847751e-01
   5.0726644e-01   8.0941176e-01   7.6032295e-01
   5.0173010e-01   8.0732026e-01   7.6216840e-01
   4.9619377e-01   8.0522876e-01   7.6401384e-01
   4.9065744e-01   8.0313725e-01   7.6585928e-01
   4.8512111e-01   8.0104575e-01   7.6770473e-01
   4.7958478e-01   7.9846213e-01   7.6955017e-01
   4.7404844e-01   7.9538639e-01   7.7139562e-01
   4.6851211e-01   7.9231065e-01   7.7324106e-01
   4.6297578e-01   7.8923491e-01   7.7508651e-01
   4.5743945e-01   7.8615917e-01   7.7693195e-01
   4.5190311e-01   7.8308343e-01   7.7877739e-01
   4.4636678e-01   7.8000769e-01   7.8062284e-01
   4.4083045e-01   7.7693195e-01   7.8246828e-01
   4.3529412e-01   7.7385621e-01   7.8431373e-01
   4.2975779e-01   7.7078047e-01   7.8615917e-01
   4.2422145e-01   7.6770473e-01   7.8800461e-01
   4.1868512e-01   7.6462899e-01   7.8985006e-01
   4.1314879e-01   7.6155325e-01   7.9169550e-01
   4.0761246e-01   7.5847751e-01   7.9354095e-01
   4.0207612e-01   7.5540177e-01   7.9538639e-01
   3.9653979e-01   7.5232603e-01   7.9723183e-01
   3.9100346e-01   7.4925029e-01   7.9907728e-01
   3.8546713e-01   7.4617455e-01   8.0092272e-01
   3.7993080e-01   7.4309881e-01   8.0276817e-01
   3.7439446e-01   7.4002307e-01   8.0461361e-01
   3.6885813e-01   7.3694733e-01   8.0645905e-01
   3.6332180e-01   7.3387159e-01   8.0830450e-01
   3.5778547e-01   7.3079585e-01   8.1014994e-01
   3.5224913e-01   7.2772011e-01   8.1199539e-01
   3.4671280e-01   7.2464437e-01   8.1384083e-01
   3.4117647e-01   7.2156863e-01   8.1568627e-01
   3.3564014e-01   7.1849289e-01   8.1753172e-01
   3.3010381e-01   7.1541715e-01   8.1937716e-01
   3.2456747e-01   7.1234141e-01   8.2122261e-01
   3.1903114e-01   7.0926567e-01   8.2306805e-01
   3.1349481e-01   7.0618993e-01   8.2491349e-01
   3.0795848e-01   7.0311419e-01   8.2675894e-01
   3.0319108e-01   6.9896194e-01   8.2583622e-01
   2.9888504e-01   6.9416378e-01   8.2325260e-01
   2.9457901e-01   6.8936563e-01   8.2066897e-01
   2.9027297e-01   6.8456747e-01   8.1808535e-01
   2.8596694e-01   6.7976932e-01   8.1550173e-01
   2.8166090e-01   6.7497116e-01   8.1291811e-01
   2.7735486e-01   6.7017301e-01   8.1033449e-01
   2.7304883e-01   6.6537486e-01   8.0775087e-01
   2.6874279e-01   6.6057670e-01   8.0516724e-01
   2.6443676e-01   6.5577855e-01   8.0258362e-01
   2.6013072e-01   6.5098039e-01   8.0000000e-01
   2.5582468e-01   6.4618224e-01   7.9741638e-01
   2.5151865e-01   6.4138408e-01   7.9483276e-01
   2.4721261e-01   6.3658593e-01   7.9224913e-01
   2.4290657e-01   6.3178777e-01   7.8966551e-01
   2.3860054e-01   6.2698962e-01   7.8708189e-01
   2.3429450e-01   6.2219146e-01   7.8449827e-01
   2.2998847e-01   6.1739331e-01   7.8191465e-01
   2.2568243e-01   6.1259516e-01   7.7933103e-01
   2.2137639e-01   6.0779700e-01   7.7674740e-01
   2.1707036e-01   6.0299885e-01   7.7416378e-01
   2.1276432e-01   5.9820069e-01   7.7158016e-01
   2.0845829e-01   5.9340254e-01   7.6899654e-01
   2.0415225e-01   5.8860438e-01   7.6641292e-01
   1.9984621e-01   5.8380623e-01   7.6382930e-01
   1.9554018e-01   5.7900807e-01   7.6124567e-01
   1.9123414e-01   5.7420992e-01   7.5866205e-01
   1.8692810e-01   5.6941176e-01   7.5607843e-01
   1.8262207e-01   5.6461361e-01   7.5349481e-01
   1.7831603e-01   5.5981546e-01   7.5091119e-01
   1.7401000e-01   5.5501730e-01   7.4832757e-01
   1.6970396e-01   5.5021915e-01   7.4574394e-01
   1.6539792e-01   5.4569781e-01   7.4343714e-01
   1.6109189e-01   5.4126874e-01   7.4122261e-01
   1.5678585e-01   5.3683968e-01   7.3900807e-01
   1.5247982e-01   5.3241061e-01   7.3679354e-01
   1.4817378e-01   5.2798155e-01   7.3457901e-01
   1.4386774e-01   5.2355248e-01   7.3236448e-01
   1.3956171e-01   5.1912341e-01   7.3014994e-01
   1.3525567e-01   5.1469435e-01   7.2793541e-01
   1.3094963e-01   5.1026528e-01   7.2572088e-01
   1.2664360e-01   5.0583622e-01   7.2350634e-01
   1.2233756e-01   5.0140715e-01   7.2129181e-01
   1.1803153e-01   4.9697809e-01   7.1907728e-01
   1.1372549e-01   4.9254902e-01   7.1686275e-01
   1.0941945e-01   4.8811995e-01   7.1464821e-01
   1.0511342e-01   4.8369089e-01   7.1243368e-01
   1.0080738e-01   4.7926182e-01   7.1021915e-01
   9.6501346e-02   4.7483276e-01   7.0800461e-01
   9.2195309e-02   4.7040369e-01   7.0579008e-01
   8.7889273e-02   4.6597463e-01   7.0357555e-01
   8.3583237e-02   4.6154556e-01   7.0136101e-01
   7.9277201e-02   4.5711649e-01   6.9914648e-01
   7.4971165e-02   4.5268743e-01   6.9693195e-01
   7.0665129e-02   4.4825836e-01   6.9471742e-01
   6.6359093e-02   4.4382930e-01   6.9250288e-01
   6.2053057e-02   4.3940023e-01   6.9028835e-01
   5.7747020e-02   4.3497116e-01   6.8807382e-01
   5.3440984e-02   4.3054210e-01   6.8585928e-01
   4.9134948e-02   4.2611303e-01   6.8364475e-01
   4.4828912e-02   4.2168397e-01   6.8143022e-01
   4.0522876e-02   4.1725490e-01   6.7921569e-01
   3.6216840e-02   4.1282584e-01   6.7700115e-01
   3.1910804e-02   4.0839677e-01   6.7478662e-01
   3.1372549e-02   4.0353710e-01   6.6988082e-01
   3.1372549e-02   3.9861592e-01   6.6459054e-01
   3.1372549e-02   3.9369473e-01   6.5930027e-01
   3.1372549e-02   3.8877355e-01   6.5401000e-01
   3.1372549e-02   3.8385236e-01   6.4871972e-01
   3.1372549e-02   3.7893118e-01   6.4342945e-01
   3.1372549e-02   3.7401000e-01   6.3813918e-01
   3.1372549e-02   3.6908881e-01   6.3284890e-01
   3.1372549e-02   3.6416763e-01   6.2755863e-01
   3.1372549e-02   3.5924644e-01   6.2226836e-01
   3.1372549e-02   3.5432526e-01   6.1697809e-01
   3.1372549e-02   3.4940408e-01   6.1168781e-01
   3.1372549e-02   3.4448289e-01   6.0639754e-01
   3.1372549e-02   3.3956171e-01   6.0110727e-01
   3.1372549e-02   3.3464052e-01   5.9581699e-01
   3.1372549e-02   3.2971934e-01   5.9052672e-01
   3.1372549e-02   3.2479815e-01   5.8523645e-01
   3.1372549e-02   3.1987697e-01   5.7994617e-01
   3.1372549e-02   3.1495579e-01   5.7465590e-01
   3.1372549e-02   3.1003460e-01   5.6936563e-01
   3.1372549e-02   3.0511342e-01   5.6407536e-01
   3.1372549e-02   3.0019223e-01   5.5878508e-01
   3.1372549e-02   2.9527105e-01   5.5349481e-01
   3.1372549e-02   2.9034987e-01   5.4820454e-01
   3.1372549e-02   2.8542868e-01   5.4291426e-01
   3.1372549e-02   2.8050750e-01   5.3762399e-01
   3.1372549e-02   2.7558631e-01   5.3233372e-01
   3.1372549e-02   2.7066513e-01   5.2704344e-01
   3.1372549e-02   2.6574394e-01   5.2175317e-01
   3.1372549e-02   2.6082276e-01   5.1646290e-01
   3.1372549e-02   2.5590158e-01   5.1117263e-01
   3.1372549e-02   2.5098039e-01   5.0588235e-01
