   0.0000000e+00   0.0000000e+00   0.0000000e+00
   6.2622429e-02   6.0308629e-08   2.4637449e-02
   8.8561489e-02   4.8246904e-07   4.9259941e-02
   1.0846523e-01   1.6283330e-06   7.3852527e-02
   1.2524486e-01   3.8597523e-06   9.8400278e-02
   1.4002801e-01   7.5385787e-06   1.2288829e-01
   1.5339300e-01   1.3026664e-05   1.4730170e-01
   1.6568337e-01   2.0685860e-05   1.7162568e-01
   1.7712298e-01   3.0878018e-05   1.9584547e-01
   1.8786729e-01   4.3964991e-05   2.1994636e-01
   1.9802951e-01   6.0308629e-05   2.4391372e-01
   2.0769510e-01   8.0270786e-05   2.6773300e-01
   2.1693046e-01   1.0421331e-04   2.9138975e-01
   2.2578838e-01   1.3249806e-04   3.1486959e-01
   2.3431167e-01   1.6548688e-04   3.3815827e-01
   2.4253563e-01   2.0354162e-04   3.6124167e-01
   2.5048972e-01   2.4702415e-04   3.8410575e-01
   2.5819889e-01   2.9629630e-04   4.0673664e-01
   2.6568447e-01   3.5171993e-04   4.2912061e-01
   2.7296484e-01   4.1365689e-04   4.5124406e-01
   2.8005602e-01   4.8246904e-04   4.7309356e-01
   2.8697202e-01   5.5851822e-04   4.9465584e-01
   2.9372523e-01   6.4216629e-04   5.1591783e-01
   3.0032662e-01   7.3377509e-04   5.3686660e-01
   3.0678600e-01   8.3370649e-04   5.5748944e-01
   3.1311215e-01   9.4232233e-04   5.7777383e-01
   3.1931299e-01   1.0599845e-03   5.9770746e-01
   3.2539569e-01   1.1870548e-03   6.1727822e-01
   3.3136675e-01   1.3238950e-03   6.3647424e-01
   3.3723210e-01   1.4708672e-03   6.5528385e-01
   3.4299717e-01   1.6283330e-03   6.7369564e-01
   3.4866693e-01   1.7966544e-03   6.9169844e-01
   3.5424595e-01   1.9761932e-03   7.0928131e-01
   3.5973847e-01   2.1673112e-03   7.2643357e-01
   3.6514837e-01   2.3703704e-03   7.4314483e-01
   3.7047929e-01   2.5857325e-03   7.5940492e-01
   3.7573457e-01   2.8137594e-03   7.7520398e-01
   3.8091737e-01   3.0548130e-03   7.9053241e-01
   3.8603058e-01   3.3092551e-03   8.0538092e-01
   3.9107694e-01   3.5774476e-03   8.1974048e-01
   3.9605902e-01   3.8597523e-03   8.3360239e-01
   4.0097919e-01   4.1565310e-03   8.4695821e-01
   4.0583972e-01   4.4681457e-03   8.5979985e-01
   4.1064273e-01   4.7949582e-03   8.7211951e-01
   4.1539020e-01   5.1373303e-03   8.8390971e-01
   4.2008403e-01   5.4956239e-03   8.9516329e-01
   4.2472598e-01   5.8702008e-03   9.0587342e-01
   4.2931774e-01   6.2614228e-03   9.1603360e-01
   4.3386092e-01   6.6696519e-03   9.2563766e-01
   4.3835700e-01   7.0952499e-03   9.3467977e-01
   4.4280744e-01   7.5385787e-03   9.4315443e-01
   4.4721360e-01   8.0000000e-03   9.5105652e-01
   4.5157676e-01   8.4798758e-03   9.5838122e-01
   4.5589817e-01   8.9785678e-03   9.6512409e-01
   4.6017899e-01   9.4964380e-03   9.7128103e-01
   4.6442036e-01   1.0033848e-02   9.7684832e-01
   4.6862335e-01   1.0591160e-02   9.8182256e-01
   4.7278897e-01   1.1168736e-02   9.8620075e-01
   4.7691821e-01   1.1766937e-02   9.8998021e-01
   4.8101201e-01   1.2386126e-02   9.9315867e-01
   4.8507125e-01   1.3026664e-02   9.9573418e-01
   4.8909681e-01   1.3688913e-02   9.9770518e-01
   4.9308950e-01   1.4373235e-02   9.9907048e-01
   4.9705012e-01   1.5079992e-02   9.9982925e-01
   5.0097943e-01   1.5809545e-02   9.9998103e-01
   5.0487816e-01   1.6562257e-02   9.9952572e-01
   5.0874702e-01   1.7338490e-02   9.9846360e-01
   5.1258667e-01   1.8138604e-02   9.9679532e-01
   5.1639778e-01   1.8962963e-02   9.9452190e-01
   5.2018096e-01   1.9811928e-02   9.9164470e-01
   5.2393683e-01   2.0685860e-02   9.8816547e-01
   5.2766597e-01   2.1585122e-02   9.8408634e-01
   5.3136893e-01   2.2510075e-02   9.7940977e-01
   5.3504627e-01   2.3461082e-02   9.7413860e-01
   5.3869850e-01   2.4438504e-02   9.6827604e-01
   5.4232614e-01   2.5442703e-02   9.6182564e-01
   5.4592968e-01   2.6474041e-02   9.5479132e-01
   5.4950959e-01   2.7532880e-02   9.4717736e-01
   5.5306632e-01   2.8619581e-02   9.3898836e-01
   5.5660032e-01   2.9734506e-02   9.3022931e-01
   5.6011203e-01   3.0878018e-02   9.2090552e-01
   5.6360186e-01   3.2050478e-02   9.1102265e-01
   5.6707021e-01   3.3252248e-02   9.0058670e-01
   5.7051748e-01   3.4483690e-02   8.8960401e-01
   5.7394404e-01   3.5745166e-02   8.7808125e-01
   5.7735027e-01   3.7037037e-02   8.6602540e-01
   5.8073652e-01   3.8359666e-02   8.5344380e-01
   5.8410313e-01   3.9713413e-02   8.4034407e-01
   5.8745046e-01   4.1098642e-02   8.2673417e-01
   5.9077881e-01   4.2515714e-02   8.1262237e-01
   5.9408853e-01   4.3964991e-02   7.9801723e-01
   5.9737990e-01   4.5446834e-02   7.8292761e-01
   6.0065324e-01   4.6961606e-02   7.6736268e-01
   6.0390884e-01   4.8509668e-02   7.5133189e-01
   6.0714698e-01   5.0091383e-02   7.3484497e-01
   6.1036794e-01   5.1707111e-02   7.1791192e-01
   6.1357199e-01   5.3357216e-02   7.0054304e-01
   6.1675940e-01   5.5042058e-02   6.8274886e-01
   6.1993042e-01   5.6762000e-02   6.6454018e-01
   6.2308530e-01   5.8517403e-02   6.4592806e-01
   6.2622429e-01   6.0308629e-02   6.2692381e-01
   6.2934762e-01   6.2136041e-02   6.0753895e-01
   6.3245553e-01   6.4000000e-02   5.8778525e-01
   6.3554824e-01   6.5900868e-02   5.6767472e-01
   6.3862598e-01   6.7839006e-02   5.4721955e-01
   6.4168895e-01   6.9814777e-02   5.2643216e-01
   6.4473737e-01   7.1828543e-02   5.0532518e-01
   6.4777144e-01   7.3880664e-02   4.8391142e-01
   6.5079137e-01   7.5971504e-02   4.6220388e-01
   6.5379735e-01   7.8101424e-02   4.4021574e-01
   6.5678958e-01   8.0270786e-02   4.1796034e-01
   6.5976823e-01   8.2479951e-02   3.9545121e-01
   6.6273350e-01   8.4729282e-02   3.7270199e-01
   6.6568555e-01   8.7019140e-02   3.4972651e-01
   6.6862458e-01   8.9349888e-02   3.2653871e-01
   6.7155074e-01   9.1721887e-02   3.0315267e-01
   6.7446420e-01   9.4135498e-02   2.7958259e-01
   6.7736514e-01   9.6591085e-02   2.5584278e-01
   6.8025370e-01   9.9089008e-02   2.3194764e-01
   6.8313005e-01   1.0162963e-01   2.0791169e-01
   6.8599434e-01   1.0421331e-01   1.8374952e-01
   6.8884672e-01   1.0684042e-01   1.5947579e-01
   6.9168734e-01   1.0951130e-01   1.3510525e-01
   6.9451634e-01   1.1222634e-01   1.1065268e-01
   6.9733386e-01   1.1498588e-01   8.6132939e-02
   7.0014004e-01   1.1779029e-01   6.1560906e-02
   7.0293502e-01   1.2063993e-01   3.6951499e-02
   7.0571894e-01   1.2353517e-01   1.2319660e-02
   7.0849191e-01   1.2647636e-01   0.0000000e+00
   7.1125407e-01   1.2946387e-01   0.0000000e+00
   7.1400555e-01   1.3249806e-01   0.0000000e+00
   7.1674646e-01   1.3557929e-01   0.0000000e+00
   7.1947693e-01   1.3870792e-01   0.0000000e+00
   7.2219708e-01   1.4188431e-01   0.0000000e+00
   7.2490703e-01   1.4510883e-01   0.0000000e+00
   7.2760688e-01   1.4838184e-01   0.0000000e+00
   7.3029674e-01   1.5170370e-01   0.0000000e+00
   7.3297674e-01   1.5507478e-01   0.0000000e+00
   7.3564697e-01   1.5849542e-01   0.0000000e+00
   7.3830755e-01   1.6196600e-01   0.0000000e+00
   7.4095857e-01   1.6548688e-01   0.0000000e+00
   7.4360015e-01   1.6905842e-01   0.0000000e+00
   7.4623237e-01   1.7268097e-01   0.0000000e+00
   7.4885534e-01   1.7635492e-01   0.0000000e+00
   7.5146915e-01   1.8008060e-01   0.0000000e+00
   7.5407390e-01   1.8385840e-01   0.0000000e+00
   7.5666969e-01   1.8768866e-01   0.0000000e+00
   7.5925660e-01   1.9157175e-01   0.0000000e+00
   7.6183473e-01   1.9550803e-01   0.0000000e+00
   7.6440416e-01   1.9949787e-01   0.0000000e+00
   7.6696499e-01   2.0354162e-01   0.0000000e+00
   7.6951729e-01   2.0763966e-01   0.0000000e+00
   7.7206116e-01   2.1179233e-01   0.0000000e+00
   7.7459667e-01   2.1600000e-01   0.0000000e+00
   7.7712391e-01   2.2026304e-01   0.0000000e+00
   7.7964295e-01   2.2458180e-01   0.0000000e+00
   7.8215389e-01   2.2895665e-01   0.0000000e+00
   7.8465679e-01   2.3338794e-01   0.0000000e+00
   7.8715173e-01   2.3787605e-01   0.0000000e+00
   7.8963879e-01   2.4242133e-01   0.0000000e+00
   7.9211803e-01   2.4702415e-01   0.0000000e+00
   7.9458955e-01   2.5168486e-01   0.0000000e+00
   7.9705340e-01   2.5640383e-01   0.0000000e+00
   7.9950965e-01   2.6118142e-01   0.0000000e+00
   8.0195839e-01   2.6601799e-01   0.0000000e+00
   8.0439967e-01   2.7091390e-01   0.0000000e+00
   8.0683356e-01   2.7586952e-01   0.0000000e+00
   8.0926013e-01   2.8088521e-01   0.0000000e+00
   8.1167945e-01   2.8596133e-01   0.0000000e+00
   8.1409158e-01   2.9109824e-01   0.0000000e+00
   8.1649658e-01   2.9629630e-01   0.0000000e+00
   8.1889452e-01   3.0155587e-01   0.0000000e+00
   8.2128546e-01   3.0687732e-01   0.0000000e+00
   8.2366946e-01   3.1226102e-01   0.0000000e+00
   8.2604657e-01   3.1770731e-01   0.0000000e+00
   8.2841687e-01   3.2321656e-01   0.0000000e+00
   8.3078040e-01   3.2878914e-01   0.0000000e+00
   8.3313723e-01   3.3442540e-01   0.0000000e+00
   8.3548741e-01   3.4012571e-01   0.0000000e+00
   8.3783100e-01   3.4589043e-01   0.0000000e+00
   8.4016805e-01   3.5171993e-01   0.0000000e+00
   8.4249862e-01   3.5761455e-01   0.0000000e+00
   8.4482276e-01   3.6357467e-01   0.0000000e+00
   8.4714052e-01   3.6960065e-01   0.0000000e+00
   8.4945196e-01   3.7569285e-01   0.0000000e+00
   8.5175712e-01   3.8185163e-01   0.0000000e+00
   8.5405607e-01   3.8807735e-01   0.0000000e+00
   8.5634884e-01   3.9437037e-01   0.0000000e+00
   8.5863549e-01   4.0073106e-01   0.0000000e+00
   8.6091606e-01   4.0715978e-01   0.0000000e+00
   8.6319062e-01   4.1365689e-01   0.0000000e+00
   8.6545919e-01   4.2022275e-01   0.0000000e+00
   8.6772183e-01   4.2685772e-01   0.0000000e+00
   8.6997859e-01   4.3356217e-01   0.0000000e+00
   8.7222951e-01   4.4033646e-01   0.0000000e+00
   8.7447463e-01   4.4718095e-01   0.0000000e+00
   8.7671401e-01   4.5409600e-01   0.0000000e+00
   8.7894768e-01   4.6108197e-01   0.0000000e+00
   8.8117569e-01   4.6813922e-01   0.0000000e+00
   8.8339807e-01   4.7526812e-01   0.0000000e+00
   8.8561489e-01   4.8246904e-01   0.0000000e+00
   8.8782616e-01   4.8974232e-01   0.0000000e+00
   8.9003194e-01   4.9708833e-01   0.0000000e+00
   8.9223227e-01   5.0450744e-01   0.0000000e+00
   8.9442719e-01   5.1200000e-01   0.0000000e+00
   8.9661673e-01   5.1956638e-01   0.0000000e+00
   8.9880094e-01   5.2720694e-01   0.0000000e+00
   9.0097986e-01   5.3492204e-01   0.0000000e+00
   9.0315352e-01   5.4271205e-01   0.0000000e+00
   9.0532196e-01   5.5057732e-01   0.0000000e+00
   9.0748521e-01   5.5851822e-01   0.0000000e+00
   9.0964333e-01   5.6653510e-01   0.0000000e+00
   9.1179633e-01   5.7462834e-01   0.0000000e+00
   9.1394426e-01   5.8279829e-01   0.0000000e+00
   9.1608716e-01   5.9104531e-01   0.0000000e+00
   9.1822506e-01   5.9936977e-01   0.0000000e+00
   9.2035799e-01   6.0777203e-01   0.0000000e+00
   9.2248598e-01   6.1625245e-01   0.0000000e+00
   9.2460909e-01   6.2481139e-01   0.0000000e+00
   9.2672732e-01   6.3344922e-01   0.0000000e+00
   9.2884073e-01   6.4216629e-01   0.0000000e+00
   9.3094934e-01   6.5096296e-01   0.0000000e+00
   9.3305318e-01   6.5983961e-01   0.0000000e+00
   9.3515229e-01   6.6879659e-01   0.0000000e+00
   9.3724670e-01   6.7783426e-01   0.0000000e+00
   9.3933644e-01   6.8695298e-01   0.0000000e+00
   9.4142154e-01   6.9615312e-01   0.0000000e+00
   9.4350203e-01   7.0543504e-01   0.0000000e+00
   9.4557794e-01   7.1479910e-01   0.0000000e+00
   9.4764931e-01   7.2424567e-01   0.0000000e+00
   9.4971616e-01   7.3377509e-01   0.0000000e+00
   9.5177852e-01   7.4338775e-01   0.0000000e+00
   9.5383642e-01   7.5308399e-01   0.0000000e+00
   9.5588989e-01   7.6286418e-01   0.0000000e+00
   9.5793896e-01   7.7272868e-01   0.0000000e+00
   9.5998366e-01   7.8267785e-01   0.0000000e+00
   9.6202401e-01   7.9271206e-01   0.0000000e+00
   9.6406004e-01   8.0283167e-01   0.0000000e+00
   9.6609178e-01   8.1303704e-01   0.0000000e+00
   9.6811926e-01   8.2332852e-01   0.0000000e+00
   9.7014250e-01   8.3370649e-01   0.0000000e+00
   9.7216153e-01   8.4417131e-01   0.0000000e+00
   9.7417637e-01   8.5472333e-01   0.0000000e+00
   9.7618706e-01   8.6536291e-01   0.0000000e+00
   9.7819361e-01   8.7609043e-01   0.0000000e+00
   9.8019606e-01   8.8690624e-01   0.0000000e+00
   9.8219442e-01   8.9781071e-01   0.0000000e+00
   9.8418873e-01   9.0880419e-01   0.0000000e+00
   9.8617900e-01   9.1988704e-01   0.0000000e+00
   9.8816526e-01   9.3105964e-01   0.0000000e+00
   9.9014754e-01   9.4232233e-01   0.0000000e+00
   9.9212586e-01   9.5367549e-01   0.0000000e+00
   9.9410024e-01   9.6511948e-01   0.0000000e+00
   9.9607071e-01   9.7665465e-01   0.0000000e+00
   9.9803729e-01   9.8828137e-01   0.0000000e+00
   1.0000000e+00   1.0000000e+00   0.0000000e+00
