   0.0000000e+00   0.0000000e+00   0.0000000e+00
   0.0000000e+00   0.0000000e+00   1.5686275e-02
   0.0000000e+00   0.0000000e+00   3.1372549e-02
   0.0000000e+00   0.0000000e+00   4.7058824e-02
   0.0000000e+00   0.0000000e+00   6.2745098e-02
   0.0000000e+00   0.0000000e+00   7.8431373e-02
   0.0000000e+00   0.0000000e+00   9.4117647e-02
   0.0000000e+00   0.0000000e+00   1.0980392e-01
   0.0000000e+00   0.0000000e+00   1.2549020e-01
   0.0000000e+00   0.0000000e+00   1.4117647e-01
   0.0000000e+00   0.0000000e+00   1.5686275e-01
   0.0000000e+00   0.0000000e+00   1.7254902e-01
   0.0000000e+00   0.0000000e+00   1.8823529e-01
   0.0000000e+00   0.0000000e+00   2.0392157e-01
   0.0000000e+00   0.0000000e+00   2.1960784e-01
   0.0000000e+00   0.0000000e+00   2.3529412e-01
   0.0000000e+00   0.0000000e+00   2.5098039e-01
   0.0000000e+00   0.0000000e+00   2.6666667e-01
   0.0000000e+00   0.0000000e+00   2.8235294e-01
   0.0000000e+00   0.0000000e+00   2.9803922e-01
   0.0000000e+00   0.0000000e+00   3.1372549e-01
   0.0000000e+00   0.0000000e+00   3.2941176e-01
   0.0000000e+00   0.0000000e+00   3.4509804e-01
   0.0000000e+00   0.0000000e+00   3.6078431e-01
   0.0000000e+00   0.0000000e+00   3.7647059e-01
   0.0000000e+00   0.0000000e+00   3.9215686e-01
   0.0000000e+00   0.0000000e+00   4.0784314e-01
   0.0000000e+00   0.0000000e+00   4.2352941e-01
   0.0000000e+00   0.0000000e+00   4.3921569e-01
   0.0000000e+00   0.0000000e+00   4.5490196e-01
   0.0000000e+00   0.0000000e+00   4.7058824e-01
   0.0000000e+00   0.0000000e+00   4.8627451e-01
   0.0000000e+00   0.0000000e+00   5.0196078e-01
   0.0000000e+00   0.0000000e+00   5.1764706e-01
   0.0000000e+00   0.0000000e+00   5.3333333e-01
   0.0000000e+00   0.0000000e+00   5.4901961e-01
   0.0000000e+00   0.0000000e+00   5.6470588e-01
   0.0000000e+00   0.0000000e+00   5.8039216e-01
   0.0000000e+00   0.0000000e+00   5.9607843e-01
   0.0000000e+00   0.0000000e+00   6.1176471e-01
   0.0000000e+00   0.0000000e+00   6.2745098e-01
   0.0000000e+00   0.0000000e+00   6.4313725e-01
   0.0000000e+00   0.0000000e+00   6.5882353e-01
   0.0000000e+00   0.0000000e+00   6.7450980e-01
   0.0000000e+00   0.0000000e+00   6.9019608e-01
   0.0000000e+00   0.0000000e+00   7.0588235e-01
   0.0000000e+00   0.0000000e+00   7.2156863e-01
   0.0000000e+00   0.0000000e+00   7.3725490e-01
   0.0000000e+00   0.0000000e+00   7.5294118e-01
   0.0000000e+00   0.0000000e+00   7.6862745e-01
   0.0000000e+00   0.0000000e+00   7.8431373e-01
   0.0000000e+00   0.0000000e+00   8.0000000e-01
   0.0000000e+00   0.0000000e+00   8.1568627e-01
   0.0000000e+00   0.0000000e+00   8.3137255e-01
   0.0000000e+00   0.0000000e+00   8.4705882e-01
   0.0000000e+00   0.0000000e+00   8.6274510e-01
   0.0000000e+00   0.0000000e+00   8.7843137e-01
   0.0000000e+00   0.0000000e+00   8.9411765e-01
   0.0000000e+00   0.0000000e+00   9.0980392e-01
   0.0000000e+00   0.0000000e+00   9.2549020e-01
   0.0000000e+00   0.0000000e+00   9.4117647e-01
   0.0000000e+00   0.0000000e+00   9.5686275e-01
   0.0000000e+00   0.0000000e+00   9.7254902e-01
   0.0000000e+00   0.0000000e+00   9.8823529e-01
   3.0637255e-03   0.0000000e+00   1.0000000e+00
   1.5318627e-02   0.0000000e+00   1.0000000e+00
   2.7573529e-02   0.0000000e+00   1.0000000e+00
   3.9828431e-02   0.0000000e+00   1.0000000e+00
   5.2083333e-02   0.0000000e+00   1.0000000e+00
   6.4338235e-02   0.0000000e+00   1.0000000e+00
   7.6593137e-02   0.0000000e+00   1.0000000e+00
   8.8848039e-02   0.0000000e+00   1.0000000e+00
   1.0110294e-01   0.0000000e+00   1.0000000e+00
   1.1335784e-01   0.0000000e+00   1.0000000e+00
   1.2561275e-01   0.0000000e+00   1.0000000e+00
   1.3786765e-01   0.0000000e+00   1.0000000e+00
   1.5012255e-01   0.0000000e+00   1.0000000e+00
   1.6237745e-01   0.0000000e+00   1.0000000e+00
   1.7463235e-01   0.0000000e+00   1.0000000e+00
   1.8688725e-01   0.0000000e+00   1.0000000e+00
   1.9914216e-01   0.0000000e+00   1.0000000e+00
   2.1139706e-01   0.0000000e+00   1.0000000e+00
   2.2365196e-01   0.0000000e+00   1.0000000e+00
   2.3590686e-01   0.0000000e+00   1.0000000e+00
   2.4816176e-01   0.0000000e+00   1.0000000e+00
   2.6041667e-01   0.0000000e+00   1.0000000e+00
   2.7267157e-01   0.0000000e+00   1.0000000e+00
   2.8492647e-01   0.0000000e+00   1.0000000e+00
   2.9718137e-01   0.0000000e+00   1.0000000e+00
   3.0943627e-01   0.0000000e+00   1.0000000e+00
   3.2169118e-01   0.0000000e+00   1.0000000e+00
   3.3394608e-01   0.0000000e+00   1.0000000e+00
   3.4620098e-01   0.0000000e+00   1.0000000e+00
   3.5845588e-01   0.0000000e+00   1.0000000e+00
   3.7071078e-01   0.0000000e+00   1.0000000e+00
   3.8296569e-01   0.0000000e+00   1.0000000e+00
   3.9522059e-01   0.0000000e+00   1.0000000e+00
   4.0747549e-01   0.0000000e+00   1.0000000e+00
   4.1973039e-01   0.0000000e+00   1.0000000e+00
   4.3198529e-01   0.0000000e+00   1.0000000e+00
   4.4424020e-01   0.0000000e+00   1.0000000e+00
   4.5649510e-01   0.0000000e+00   1.0000000e+00
   4.6875000e-01   0.0000000e+00   1.0000000e+00
   4.8100490e-01   0.0000000e+00   1.0000000e+00
   4.9325980e-01   0.0000000e+00   1.0000000e+00
   5.0551471e-01   0.0000000e+00   1.0000000e+00
   5.1776961e-01   0.0000000e+00   1.0000000e+00
   5.3002451e-01   0.0000000e+00   1.0000000e+00
   5.4227941e-01   7.0588235e-03   9.9294118e-01
   5.5453431e-01   1.4901961e-02   9.8509804e-01
   5.6678922e-01   2.2745098e-02   9.7725490e-01
   5.7904412e-01   3.0588235e-02   9.6941176e-01
   5.9129902e-01   3.8431373e-02   9.6156863e-01
   6.0355392e-01   4.6274510e-02   9.5372549e-01
   6.1580882e-01   5.4117647e-02   9.4588235e-01
   6.2806373e-01   6.1960784e-02   9.3803922e-01
   6.4031863e-01   6.9803922e-02   9.3019608e-01
   6.5257353e-01   7.7647059e-02   9.2235294e-01
   6.6482843e-01   8.5490196e-02   9.1450980e-01
   6.7708333e-01   9.3333333e-02   9.0666667e-01
   6.8933824e-01   1.0117647e-01   8.9882353e-01
   7.0159314e-01   1.0901961e-01   8.9098039e-01
   7.1384804e-01   1.1686275e-01   8.8313725e-01
   7.2610294e-01   1.2470588e-01   8.7529412e-01
   7.3835784e-01   1.3254902e-01   8.6745098e-01
   7.5061275e-01   1.4039216e-01   8.5960784e-01
   7.6286765e-01   1.4823529e-01   8.5176471e-01
   7.7512255e-01   1.5607843e-01   8.4392157e-01
   7.8737745e-01   1.6392157e-01   8.3607843e-01
   7.9963235e-01   1.7176471e-01   8.2823529e-01
   8.1188725e-01   1.7960784e-01   8.2039216e-01
   8.2414216e-01   1.8745098e-01   8.1254902e-01
   8.3639706e-01   1.9529412e-01   8.0470588e-01
   8.4865196e-01   2.0313725e-01   7.9686275e-01
   8.6090686e-01   2.1098039e-01   7.8901961e-01
   8.7316176e-01   2.1882353e-01   7.8117647e-01
   8.8541667e-01   2.2666667e-01   7.7333333e-01
   8.9767157e-01   2.3450980e-01   7.6549020e-01
   9.0992647e-01   2.4235294e-01   7.5764706e-01
   9.2218137e-01   2.5019608e-01   7.4980392e-01
   9.3443627e-01   2.5803922e-01   7.4196078e-01
   9.4669118e-01   2.6588235e-01   7.3411765e-01
   9.5894608e-01   2.7372549e-01   7.2627451e-01
   9.7120098e-01   2.8156863e-01   7.1843137e-01
   9.8345588e-01   2.8941176e-01   7.1058824e-01
   9.9571078e-01   2.9725490e-01   7.0274510e-01
   1.0000000e+00   3.0509804e-01   6.9490196e-01
   1.0000000e+00   3.1294118e-01   6.8705882e-01
   1.0000000e+00   3.2078431e-01   6.7921569e-01
   1.0000000e+00   3.2862745e-01   6.7137255e-01
   1.0000000e+00   3.3647059e-01   6.6352941e-01
   1.0000000e+00   3.4431373e-01   6.5568627e-01
   1.0000000e+00   3.5215686e-01   6.4784314e-01
   1.0000000e+00   3.6000000e-01   6.4000000e-01
   1.0000000e+00   3.6784314e-01   6.3215686e-01
   1.0000000e+00   3.7568627e-01   6.2431373e-01
   1.0000000e+00   3.8352941e-01   6.1647059e-01
   1.0000000e+00   3.9137255e-01   6.0862745e-01
   1.0000000e+00   3.9921569e-01   6.0078431e-01
   1.0000000e+00   4.0705882e-01   5.9294118e-01
   1.0000000e+00   4.1490196e-01   5.8509804e-01
   1.0000000e+00   4.2274510e-01   5.7725490e-01
   1.0000000e+00   4.3058824e-01   5.6941176e-01
   1.0000000e+00   4.3843137e-01   5.6156863e-01
   1.0000000e+00   4.4627451e-01   5.5372549e-01
   1.0000000e+00   4.5411765e-01   5.4588235e-01
   1.0000000e+00   4.6196078e-01   5.3803922e-01
   1.0000000e+00   4.6980392e-01   5.3019608e-01
   1.0000000e+00   4.7764706e-01   5.2235294e-01
   1.0000000e+00   4.8549020e-01   5.1450980e-01
   1.0000000e+00   4.9333333e-01   5.0666667e-01
   1.0000000e+00   5.0117647e-01   4.9882353e-01
   1.0000000e+00   5.0901961e-01   4.9098039e-01
   1.0000000e+00   5.1686275e-01   4.8313725e-01
   1.0000000e+00   5.2470588e-01   4.7529412e-01
   1.0000000e+00   5.3254902e-01   4.6745098e-01
   1.0000000e+00   5.4039216e-01   4.5960784e-01
   1.0000000e+00   5.4823529e-01   4.5176471e-01
   1.0000000e+00   5.5607843e-01   4.4392157e-01
   1.0000000e+00   5.6392157e-01   4.3607843e-01
   1.0000000e+00   5.7176471e-01   4.2823529e-01
   1.0000000e+00   5.7960784e-01   4.2039216e-01
   1.0000000e+00   5.8745098e-01   4.1254902e-01
   1.0000000e+00   5.9529412e-01   4.0470588e-01
   1.0000000e+00   6.0313725e-01   3.9686275e-01
   1.0000000e+00   6.1098039e-01   3.8901961e-01
   1.0000000e+00   6.1882353e-01   3.8117647e-01
   1.0000000e+00   6.2666667e-01   3.7333333e-01
   1.0000000e+00   6.3450980e-01   3.6549020e-01
   1.0000000e+00   6.4235294e-01   3.5764706e-01
   1.0000000e+00   6.5019608e-01   3.4980392e-01
   1.0000000e+00   6.5803922e-01   3.4196078e-01
   1.0000000e+00   6.6588235e-01   3.3411765e-01
   1.0000000e+00   6.7372549e-01   3.2627451e-01
   1.0000000e+00   6.8156863e-01   3.1843137e-01
   1.0000000e+00   6.8941176e-01   3.1058824e-01
   1.0000000e+00   6.9725490e-01   3.0274510e-01
   1.0000000e+00   7.0509804e-01   2.9490196e-01
   1.0000000e+00   7.1294118e-01   2.8705882e-01
   1.0000000e+00   7.2078431e-01   2.7921569e-01
   1.0000000e+00   7.2862745e-01   2.7137255e-01
   1.0000000e+00   7.3647059e-01   2.6352941e-01
   1.0000000e+00   7.4431373e-01   2.5568627e-01
   1.0000000e+00   7.5215686e-01   2.4784314e-01
   1.0000000e+00   7.6000000e-01   2.4000000e-01
   1.0000000e+00   7.6784314e-01   2.3215686e-01
   1.0000000e+00   7.7568627e-01   2.2431373e-01
   1.0000000e+00   7.8352941e-01   2.1647059e-01
   1.0000000e+00   7.9137255e-01   2.0862745e-01
   1.0000000e+00   7.9921569e-01   2.0078431e-01
   1.0000000e+00   8.0705882e-01   1.9294118e-01
   1.0000000e+00   8.1490196e-01   1.8509804e-01
   1.0000000e+00   8.2274510e-01   1.7725490e-01
   1.0000000e+00   8.3058824e-01   1.6941176e-01
   1.0000000e+00   8.3843137e-01   1.6156863e-01
   1.0000000e+00   8.4627451e-01   1.5372549e-01
   1.0000000e+00   8.5411765e-01   1.4588235e-01
   1.0000000e+00   8.6196078e-01   1.3803922e-01
   1.0000000e+00   8.6980392e-01   1.3019608e-01
   1.0000000e+00   8.7764706e-01   1.2235294e-01
   1.0000000e+00   8.8549020e-01   1.1450980e-01
   1.0000000e+00   8.9333333e-01   1.0666667e-01
   1.0000000e+00   9.0117647e-01   9.8823529e-02
   1.0000000e+00   9.0901961e-01   9.0980392e-02
   1.0000000e+00   9.1686275e-01   8.3137255e-02
   1.0000000e+00   9.2470588e-01   7.5294118e-02
   1.0000000e+00   9.3254902e-01   6.7450980e-02
   1.0000000e+00   9.4039216e-01   5.9607843e-02
   1.0000000e+00   9.4823529e-01   5.1764706e-02
   1.0000000e+00   9.5607843e-01   4.3921569e-02
   1.0000000e+00   9.6392157e-01   3.6078431e-02
   1.0000000e+00   9.7176471e-01   2.8235294e-02
   1.0000000e+00   9.7960784e-01   2.0392157e-02
   1.0000000e+00   9.8745098e-01   1.2549020e-02
   1.0000000e+00   9.9529412e-01   4.7058824e-03
   1.0000000e+00   1.0000000e+00   1.9607843e-02
   1.0000000e+00   1.0000000e+00   6.8627451e-02
   1.0000000e+00   1.0000000e+00   1.1764706e-01
   1.0000000e+00   1.0000000e+00   1.6666667e-01
   1.0000000e+00   1.0000000e+00   2.1568627e-01
   1.0000000e+00   1.0000000e+00   2.6470588e-01
   1.0000000e+00   1.0000000e+00   3.1372549e-01
   1.0000000e+00   1.0000000e+00   3.6274510e-01
   1.0000000e+00   1.0000000e+00   4.1176471e-01
   1.0000000e+00   1.0000000e+00   4.6078431e-01
   1.0000000e+00   1.0000000e+00   5.0980392e-01
   1.0000000e+00   1.0000000e+00   5.5882353e-01
   1.0000000e+00   1.0000000e+00   6.0784314e-01
   1.0000000e+00   1.0000000e+00   6.5686275e-01
   1.0000000e+00   1.0000000e+00   7.0588235e-01
   1.0000000e+00   1.0000000e+00   7.5490196e-01
   1.0000000e+00   1.0000000e+00   8.0392157e-01
   1.0000000e+00   1.0000000e+00   8.5294118e-01
   1.0000000e+00   1.0000000e+00   9.0196078e-01
   1.0000000e+00   1.0000000e+00   9.5098039e-01
   1.0000000e+00   1.0000000e+00   1.0000000e+00
