   9.6862745e-01   9.8823529e-01   9.6078431e-01
   9.6641292e-01   9.8737409e-01   9.5820069e-01
   9.6419839e-01   9.8651288e-01   9.5561707e-01
   9.6198385e-01   9.8565167e-01   9.5303345e-01
   9.5976932e-01   9.8479047e-01   9.5044983e-01
   9.5755479e-01   9.8392926e-01   9.4786621e-01
   9.5534025e-01   9.8306805e-01   9.4528258e-01
   9.5312572e-01   9.8220684e-01   9.4269896e-01
   9.5091119e-01   9.8134564e-01   9.4011534e-01
   9.4869666e-01   9.8048443e-01   9.3753172e-01
   9.4648212e-01   9.7962322e-01   9.3494810e-01
   9.4426759e-01   9.7876201e-01   9.3236448e-01
   9.4205306e-01   9.7790081e-01   9.2978085e-01
   9.3983852e-01   9.7703960e-01   9.2719723e-01
   9.3762399e-01   9.7617839e-01   9.2461361e-01
   9.3540946e-01   9.7531719e-01   9.2202999e-01
   9.3319493e-01   9.7445598e-01   9.1944637e-01
   9.3098039e-01   9.7359477e-01   9.1686275e-01
   9.2876586e-01   9.7273356e-01   9.1427912e-01
   9.2655133e-01   9.7187236e-01   9.1169550e-01
   9.2433679e-01   9.7101115e-01   9.0911188e-01
   9.2212226e-01   9.7014994e-01   9.0652826e-01
   9.1990773e-01   9.6928874e-01   9.0394464e-01
   9.1769319e-01   9.6842753e-01   9.0136101e-01
   9.1547866e-01   9.6756632e-01   8.9877739e-01
   9.1326413e-01   9.6670511e-01   8.9619377e-01
   9.1104960e-01   9.6584391e-01   8.9361015e-01
   9.0883506e-01   9.6498270e-01   8.9102653e-01
   9.0662053e-01   9.6412149e-01   8.8844291e-01
   9.0440600e-01   9.6326028e-01   8.8585928e-01
   9.0219146e-01   9.6239908e-01   8.8327566e-01
   8.9997693e-01   9.6153787e-01   8.8069204e-01
   8.9757785e-01   9.6059977e-01   8.7793925e-01
   8.9388697e-01   9.5912341e-01   8.7400231e-01
   8.9019608e-01   9.5764706e-01   8.7006536e-01
   8.8650519e-01   9.5617070e-01   8.6612841e-01
   8.8281430e-01   9.5469435e-01   8.6219146e-01
   8.7912341e-01   9.5321799e-01   8.5825452e-01
   8.7543253e-01   9.5174164e-01   8.5431757e-01
   8.7174164e-01   9.5026528e-01   8.5038062e-01
   8.6805075e-01   9.4878893e-01   8.4644368e-01
   8.6435986e-01   9.4731257e-01   8.4250673e-01
   8.6066897e-01   9.4583622e-01   8.3856978e-01
   8.5697809e-01   9.4435986e-01   8.3463283e-01
   8.5328720e-01   9.4288351e-01   8.3069589e-01
   8.4959631e-01   9.4140715e-01   8.2675894e-01
   8.4590542e-01   9.3993080e-01   8.2282199e-01
   8.4221453e-01   9.3845444e-01   8.1888504e-01
   8.3852364e-01   9.3697809e-01   8.1494810e-01
   8.3483276e-01   9.3550173e-01   8.1101115e-01
   8.3114187e-01   9.3402537e-01   8.0707420e-01
   8.2745098e-01   9.3254902e-01   8.0313725e-01
   8.2376009e-01   9.3107266e-01   7.9920031e-01
   8.2006920e-01   9.2959631e-01   7.9526336e-01
   8.1637832e-01   9.2811995e-01   7.9132641e-01
   8.1268743e-01   9.2664360e-01   7.8738947e-01
   8.0899654e-01   9.2516724e-01   7.8345252e-01
   8.0530565e-01   9.2369089e-01   7.7951557e-01
   8.0161476e-01   9.2221453e-01   7.7557862e-01
   7.9792388e-01   9.2073818e-01   7.7164168e-01
   7.9423299e-01   9.1926182e-01   7.6770473e-01
   7.9054210e-01   9.1778547e-01   7.6376778e-01
   7.8685121e-01   9.1630911e-01   7.5983083e-01
   7.8316032e-01   9.1483276e-01   7.5589389e-01
   7.7922338e-01   9.1323337e-01   7.5180315e-01
   7.7454825e-01   9.1126490e-01   7.4725106e-01
   7.6987313e-01   9.0929642e-01   7.4269896e-01
   7.6519800e-01   9.0732795e-01   7.3814687e-01
   7.6052288e-01   9.0535948e-01   7.3359477e-01
   7.5584775e-01   9.0339100e-01   7.2904268e-01
   7.5117263e-01   9.0142253e-01   7.2449058e-01
   7.4649750e-01   8.9945406e-01   7.1993849e-01
   7.4182238e-01   8.9748558e-01   7.1538639e-01
   7.3714725e-01   8.9551711e-01   7.1083429e-01
   7.3247213e-01   8.9354864e-01   7.0628220e-01
   7.2779700e-01   8.9158016e-01   7.0173010e-01
   7.2312188e-01   8.8961169e-01   6.9717801e-01
   7.1844675e-01   8.8764321e-01   6.9262591e-01
   7.1377163e-01   8.8567474e-01   6.8807382e-01
   7.0909650e-01   8.8370627e-01   6.8352172e-01
   7.0442138e-01   8.8173779e-01   6.7896963e-01
   6.9974625e-01   8.7976932e-01   6.7441753e-01
   6.9507113e-01   8.7780085e-01   6.6986544e-01
   6.9039600e-01   8.7583237e-01   6.6531334e-01
   6.8572088e-01   8.7386390e-01   6.6076125e-01
   6.8104575e-01   8.7189542e-01   6.5620915e-01
   6.7637063e-01   8.6992695e-01   6.5165705e-01
   6.7169550e-01   8.6795848e-01   6.4710496e-01
   6.6702038e-01   8.6599000e-01   6.4255286e-01
   6.6234525e-01   8.6402153e-01   6.3800077e-01
   6.5767013e-01   8.6205306e-01   6.3344867e-01
   6.5299500e-01   8.6008458e-01   6.2889658e-01
   6.4831988e-01   8.5811611e-01   6.2434448e-01
   6.4364475e-01   8.5614764e-01   6.1979239e-01
   6.3896963e-01   8.5417916e-01   6.1524029e-01
   6.3429450e-01   8.5221069e-01   6.1068820e-01
   6.2929642e-01   8.5001153e-01   6.0613610e-01
   6.2376009e-01   8.4742791e-01   6.0158401e-01
   6.1822376e-01   8.4484429e-01   5.9703191e-01
   6.1268743e-01   8.4226067e-01   5.9247982e-01
   6.0715110e-01   8.3967705e-01   5.8792772e-01
   6.0161476e-01   8.3709343e-01   5.8337562e-01
   5.9607843e-01   8.3450980e-01   5.7882353e-01
   5.9054210e-01   8.3192618e-01   5.7427143e-01
   5.8500577e-01   8.2934256e-01   5.6971934e-01
   5.7946943e-01   8.2675894e-01   5.6516724e-01
   5.7393310e-01   8.2417532e-01   5.6061515e-01
   5.6839677e-01   8.2159170e-01   5.5606305e-01
   5.6286044e-01   8.1900807e-01   5.5151096e-01
   5.5732411e-01   8.1642445e-01   5.4695886e-01
   5.5178777e-01   8.1384083e-01   5.4240677e-01
   5.4625144e-01   8.1125721e-01   5.3785467e-01
   5.4071511e-01   8.0867359e-01   5.3330258e-01
   5.3517878e-01   8.0608997e-01   5.2875048e-01
   5.2964245e-01   8.0350634e-01   5.2419839e-01
   5.2410611e-01   8.0092272e-01   5.1964629e-01
   5.1856978e-01   7.9833910e-01   5.1509419e-01
   5.1303345e-01   7.9575548e-01   5.1054210e-01
   5.0749712e-01   7.9317186e-01   5.0599000e-01
   5.0196078e-01   7.9058824e-01   5.0143791e-01
   4.9642445e-01   7.8800461e-01   4.9688581e-01
   4.9088812e-01   7.8542099e-01   4.9233372e-01
   4.8535179e-01   7.8283737e-01   4.8778162e-01
   4.7981546e-01   7.8025375e-01   4.8322953e-01
   4.7427912e-01   7.7767013e-01   4.7867743e-01
   4.6874279e-01   7.7508651e-01   4.7412534e-01
   4.6320646e-01   7.7250288e-01   4.6957324e-01
   4.5767013e-01   7.6991926e-01   4.6502115e-01
   4.5176471e-01   7.6708958e-01   4.6120723e-01
   4.4549020e-01   7.6401384e-01   4.5813149e-01
   4.3921569e-01   7.6093810e-01   4.5505575e-01
   4.3294118e-01   7.5786236e-01   4.5198001e-01
   4.2666667e-01   7.5478662e-01   4.4890427e-01
   4.2039216e-01   7.5171088e-01   4.4582853e-01
   4.1411765e-01   7.4863514e-01   4.4275279e-01
   4.0784314e-01   7.4555940e-01   4.3967705e-01
   4.0156863e-01   7.4248366e-01   4.3660131e-01
   3.9529412e-01   7.3940792e-01   4.3352557e-01
   3.8901961e-01   7.3633218e-01   4.3044983e-01
   3.8274510e-01   7.3325644e-01   4.2737409e-01
   3.7647059e-01   7.3018070e-01   4.2429835e-01
   3.7019608e-01   7.2710496e-01   4.2122261e-01
   3.6392157e-01   7.2402922e-01   4.1814687e-01
   3.5764706e-01   7.2095348e-01   4.1507113e-01
   3.5137255e-01   7.1787774e-01   4.1199539e-01
   3.4509804e-01   7.1480200e-01   4.0891965e-01
   3.3882353e-01   7.1172626e-01   4.0584391e-01
   3.3254902e-01   7.0865052e-01   4.0276817e-01
   3.2627451e-01   7.0557478e-01   3.9969243e-01
   3.2000000e-01   7.0249904e-01   3.9661669e-01
   3.1372549e-01   6.9942330e-01   3.9354095e-01
   3.0745098e-01   6.9634756e-01   3.9046521e-01
   3.0117647e-01   6.9327182e-01   3.8738947e-01
   2.9490196e-01   6.9019608e-01   3.8431373e-01
   2.8862745e-01   6.8712034e-01   3.8123799e-01
   2.8235294e-01   6.8404460e-01   3.7816225e-01
   2.7607843e-01   6.8096886e-01   3.7508651e-01
   2.6980392e-01   6.7789312e-01   3.7201077e-01
   2.6352941e-01   6.7481738e-01   3.6893502e-01
   2.5725490e-01   6.7174164e-01   3.6585928e-01
   2.5259516e-01   6.6812764e-01   3.6286044e-01
   2.4890427e-01   6.6419070e-01   3.5990773e-01
   2.4521338e-01   6.6025375e-01   3.5695502e-01
   2.4152249e-01   6.5631680e-01   3.5400231e-01
   2.3783160e-01   6.5237985e-01   3.5104960e-01
   2.3414072e-01   6.4844291e-01   3.4809689e-01
   2.3044983e-01   6.4450596e-01   3.4514418e-01
   2.2675894e-01   6.4056901e-01   3.4219146e-01
   2.2306805e-01   6.3663206e-01   3.3923875e-01
   2.1937716e-01   6.3269512e-01   3.3628604e-01
   2.1568627e-01   6.2875817e-01   3.3333333e-01
   2.1199539e-01   6.2482122e-01   3.3038062e-01
   2.0830450e-01   6.2088428e-01   3.2742791e-01
   2.0461361e-01   6.1694733e-01   3.2447520e-01
   2.0092272e-01   6.1301038e-01   3.2152249e-01
   1.9723183e-01   6.0907343e-01   3.1856978e-01
   1.9354095e-01   6.0513649e-01   3.1561707e-01
   1.8985006e-01   6.0119954e-01   3.1266436e-01
   1.8615917e-01   5.9726259e-01   3.0971165e-01
   1.8246828e-01   5.9332564e-01   3.0675894e-01
   1.7877739e-01   5.8938870e-01   3.0380623e-01
   1.7508651e-01   5.8545175e-01   3.0085352e-01
   1.7139562e-01   5.8151480e-01   2.9790081e-01
   1.6770473e-01   5.7757785e-01   2.9494810e-01
   1.6401384e-01   5.7364091e-01   2.9199539e-01
   1.6032295e-01   5.6970396e-01   2.8904268e-01
   1.5663206e-01   5.6576701e-01   2.8608997e-01
   1.5294118e-01   5.6183007e-01   2.8313725e-01
   1.4925029e-01   5.5789312e-01   2.8018454e-01
   1.4555940e-01   5.5395617e-01   2.7723183e-01
   1.4186851e-01   5.5001922e-01   2.7427912e-01
   1.3817762e-01   5.4608228e-01   2.7132641e-01
   1.3402537e-01   5.4232987e-01   2.6828143e-01
   1.2971934e-01   5.3863899e-01   2.6520569e-01
   1.2541330e-01   5.3494810e-01   2.6212995e-01
   1.2110727e-01   5.3125721e-01   2.5905421e-01
   1.1680123e-01   5.2756632e-01   2.5597847e-01
   1.1249519e-01   5.2387543e-01   2.5290273e-01
   1.0818916e-01   5.2018454e-01   2.4982699e-01
   1.0388312e-01   5.1649366e-01   2.4675125e-01
   9.9577086e-02   5.1280277e-01   2.4367551e-01
   9.5271050e-02   5.0911188e-01   2.4059977e-01
   9.0965013e-02   5.0542099e-01   2.3752403e-01
   8.6658977e-02   5.0173010e-01   2.3444829e-01
   8.2352941e-02   4.9803922e-01   2.3137255e-01
   7.8046905e-02   4.9434833e-01   2.2829681e-01
   7.3740869e-02   4.9065744e-01   2.2522107e-01
   6.9434833e-02   4.8696655e-01   2.2214533e-01
   6.5128797e-02   4.8327566e-01   2.1906959e-01
   6.0822760e-02   4.7958478e-01   2.1599385e-01
   5.6516724e-02   4.7589389e-01   2.1291811e-01
   5.2210688e-02   4.7220300e-01   2.0984237e-01
   4.7904652e-02   4.6851211e-01   2.0676663e-01
   4.3598616e-02   4.6482122e-01   2.0369089e-01
   3.9292580e-02   4.6113033e-01   2.0061515e-01
   3.4986544e-02   4.5743945e-01   1.9753941e-01
   3.0680507e-02   4.5374856e-01   1.9446367e-01
   2.6374471e-02   4.5005767e-01   1.9138793e-01
   2.2068435e-02   4.4636678e-01   1.8831219e-01
   1.7762399e-02   4.4267589e-01   1.8523645e-01
   1.3456363e-02   4.3898501e-01   1.8216071e-01
   9.1503268e-03   4.3529412e-01   1.7908497e-01
   4.8442907e-03   4.3160323e-01   1.7600923e-01
   5.3825452e-04   4.2791234e-01   1.7293349e-01
   0.0000000e+00   4.2303729e-01   1.7071895e-01
   0.0000000e+00   4.1799308e-01   1.6862745e-01
   0.0000000e+00   4.1294887e-01   1.6653595e-01
   0.0000000e+00   4.0790465e-01   1.6444444e-01
   0.0000000e+00   4.0286044e-01   1.6235294e-01
   0.0000000e+00   3.9781622e-01   1.6026144e-01
   0.0000000e+00   3.9277201e-01   1.5816993e-01
   0.0000000e+00   3.8772780e-01   1.5607843e-01
   0.0000000e+00   3.8268358e-01   1.5398693e-01
   0.0000000e+00   3.7763937e-01   1.5189542e-01
   0.0000000e+00   3.7259516e-01   1.4980392e-01
   0.0000000e+00   3.6755094e-01   1.4771242e-01
   0.0000000e+00   3.6250673e-01   1.4562092e-01
   0.0000000e+00   3.5746251e-01   1.4352941e-01
   0.0000000e+00   3.5241830e-01   1.4143791e-01
   0.0000000e+00   3.4737409e-01   1.3934641e-01
   0.0000000e+00   3.4232987e-01   1.3725490e-01
   0.0000000e+00   3.3728566e-01   1.3516340e-01
   0.0000000e+00   3.3224145e-01   1.3307190e-01
   0.0000000e+00   3.2719723e-01   1.3098039e-01
   0.0000000e+00   3.2215302e-01   1.2888889e-01
   0.0000000e+00   3.1710880e-01   1.2679739e-01
   0.0000000e+00   3.1206459e-01   1.2470588e-01
   0.0000000e+00   3.0702038e-01   1.2261438e-01
   0.0000000e+00   3.0197616e-01   1.2052288e-01
   0.0000000e+00   2.9693195e-01   1.1843137e-01
   0.0000000e+00   2.9188774e-01   1.1633987e-01
   0.0000000e+00   2.8684352e-01   1.1424837e-01
   0.0000000e+00   2.8179931e-01   1.1215686e-01
   0.0000000e+00   2.7675509e-01   1.1006536e-01
   0.0000000e+00   2.7171088e-01   1.0797386e-01
   0.0000000e+00   2.6666667e-01   1.0588235e-01
