   1.0000000e+00   1.0000000e+00   1.0000000e+00
   9.9815456e-01   9.9815456e-01   9.9815456e-01
   9.9630911e-01   9.9630911e-01   9.9630911e-01
   9.9446367e-01   9.9446367e-01   9.9446367e-01
   9.9261822e-01   9.9261822e-01   9.9261822e-01
   9.9077278e-01   9.9077278e-01   9.9077278e-01
   9.8892734e-01   9.8892734e-01   9.8892734e-01
   9.8708189e-01   9.8708189e-01   9.8708189e-01
   9.8523645e-01   9.8523645e-01   9.8523645e-01
   9.8339100e-01   9.8339100e-01   9.8339100e-01
   9.8154556e-01   9.8154556e-01   9.8154556e-01
   9.7970012e-01   9.7970012e-01   9.7970012e-01
   9.7785467e-01   9.7785467e-01   9.7785467e-01
   9.7600923e-01   9.7600923e-01   9.7600923e-01
   9.7416378e-01   9.7416378e-01   9.7416378e-01
   9.7231834e-01   9.7231834e-01   9.7231834e-01
   9.7047290e-01   9.7047290e-01   9.7047290e-01
   9.6862745e-01   9.6862745e-01   9.6862745e-01
   9.6678201e-01   9.6678201e-01   9.6678201e-01
   9.6493656e-01   9.6493656e-01   9.6493656e-01
   9.6309112e-01   9.6309112e-01   9.6309112e-01
   9.6124567e-01   9.6124567e-01   9.6124567e-01
   9.5940023e-01   9.5940023e-01   9.5940023e-01
   9.5755479e-01   9.5755479e-01   9.5755479e-01
   9.5570934e-01   9.5570934e-01   9.5570934e-01
   9.5386390e-01   9.5386390e-01   9.5386390e-01
   9.5201845e-01   9.5201845e-01   9.5201845e-01
   9.5017301e-01   9.5017301e-01   9.5017301e-01
   9.4832757e-01   9.4832757e-01   9.4832757e-01
   9.4648212e-01   9.4648212e-01   9.4648212e-01
   9.4463668e-01   9.4463668e-01   9.4463668e-01
   9.4279123e-01   9.4279123e-01   9.4279123e-01
   9.4082276e-01   9.4082276e-01   9.4082276e-01
   9.3799308e-01   9.3799308e-01   9.3799308e-01
   9.3516340e-01   9.3516340e-01   9.3516340e-01
   9.3233372e-01   9.3233372e-01   9.3233372e-01
   9.2950404e-01   9.2950404e-01   9.2950404e-01
   9.2667436e-01   9.2667436e-01   9.2667436e-01
   9.2384468e-01   9.2384468e-01   9.2384468e-01
   9.2101499e-01   9.2101499e-01   9.2101499e-01
   9.1818531e-01   9.1818531e-01   9.1818531e-01
   9.1535563e-01   9.1535563e-01   9.1535563e-01
   9.1252595e-01   9.1252595e-01   9.1252595e-01
   9.0969627e-01   9.0969627e-01   9.0969627e-01
   9.0686659e-01   9.0686659e-01   9.0686659e-01
   9.0403691e-01   9.0403691e-01   9.0403691e-01
   9.0120723e-01   9.0120723e-01   9.0120723e-01
   8.9837755e-01   8.9837755e-01   8.9837755e-01
   8.9554787e-01   8.9554787e-01   8.9554787e-01
   8.9271819e-01   8.9271819e-01   8.9271819e-01
   8.8988850e-01   8.8988850e-01   8.8988850e-01
   8.8705882e-01   8.8705882e-01   8.8705882e-01
   8.8422914e-01   8.8422914e-01   8.8422914e-01
   8.8139946e-01   8.8139946e-01   8.8139946e-01
   8.7856978e-01   8.7856978e-01   8.7856978e-01
   8.7574010e-01   8.7574010e-01   8.7574010e-01
   8.7291042e-01   8.7291042e-01   8.7291042e-01
   8.7008074e-01   8.7008074e-01   8.7008074e-01
   8.6725106e-01   8.6725106e-01   8.6725106e-01
   8.6442138e-01   8.6442138e-01   8.6442138e-01
   8.6159170e-01   8.6159170e-01   8.6159170e-01
   8.5876201e-01   8.5876201e-01   8.5876201e-01
   8.5593233e-01   8.5593233e-01   8.5593233e-01
   8.5310265e-01   8.5310265e-01   8.5310265e-01
   8.5011918e-01   8.5011918e-01   8.5011918e-01
   8.4667436e-01   8.4667436e-01   8.4667436e-01
   8.4322953e-01   8.4322953e-01   8.4322953e-01
   8.3978470e-01   8.3978470e-01   8.3978470e-01
   8.3633987e-01   8.3633987e-01   8.3633987e-01
   8.3289504e-01   8.3289504e-01   8.3289504e-01
   8.2945021e-01   8.2945021e-01   8.2945021e-01
   8.2600538e-01   8.2600538e-01   8.2600538e-01
   8.2256055e-01   8.2256055e-01   8.2256055e-01
   8.1911572e-01   8.1911572e-01   8.1911572e-01
   8.1567090e-01   8.1567090e-01   8.1567090e-01
   8.1222607e-01   8.1222607e-01   8.1222607e-01
   8.0878124e-01   8.0878124e-01   8.0878124e-01
   8.0533641e-01   8.0533641e-01   8.0533641e-01
   8.0189158e-01   8.0189158e-01   8.0189158e-01
   7.9844675e-01   7.9844675e-01   7.9844675e-01
   7.9500192e-01   7.9500192e-01   7.9500192e-01
   7.9155709e-01   7.9155709e-01   7.9155709e-01
   7.8811226e-01   7.8811226e-01   7.8811226e-01
   7.8466744e-01   7.8466744e-01   7.8466744e-01
   7.8122261e-01   7.8122261e-01   7.8122261e-01
   7.7777778e-01   7.7777778e-01   7.7777778e-01
   7.7433295e-01   7.7433295e-01   7.7433295e-01
   7.7088812e-01   7.7088812e-01   7.7088812e-01
   7.6744329e-01   7.6744329e-01   7.6744329e-01
   7.6399846e-01   7.6399846e-01   7.6399846e-01
   7.6055363e-01   7.6055363e-01   7.6055363e-01
   7.5710880e-01   7.5710880e-01   7.5710880e-01
   7.5366398e-01   7.5366398e-01   7.5366398e-01
   7.5021915e-01   7.5021915e-01   7.5021915e-01
   7.4677432e-01   7.4677432e-01   7.4677432e-01
   7.4332949e-01   7.4332949e-01   7.4332949e-01
   7.3937716e-01   7.3937716e-01   7.3937716e-01
   7.3457901e-01   7.3457901e-01   7.3457901e-01
   7.2978085e-01   7.2978085e-01   7.2978085e-01
   7.2498270e-01   7.2498270e-01   7.2498270e-01
   7.2018454e-01   7.2018454e-01   7.2018454e-01
   7.1538639e-01   7.1538639e-01   7.1538639e-01
   7.1058824e-01   7.1058824e-01   7.1058824e-01
   7.0579008e-01   7.0579008e-01   7.0579008e-01
   7.0099193e-01   7.0099193e-01   7.0099193e-01
   6.9619377e-01   6.9619377e-01   6.9619377e-01
   6.9139562e-01   6.9139562e-01   6.9139562e-01
   6.8659746e-01   6.8659746e-01   6.8659746e-01
   6.8179931e-01   6.8179931e-01   6.8179931e-01
   6.7700115e-01   6.7700115e-01   6.7700115e-01
   6.7220300e-01   6.7220300e-01   6.7220300e-01
   6.6740484e-01   6.6740484e-01   6.6740484e-01
   6.6260669e-01   6.6260669e-01   6.6260669e-01
   6.5780854e-01   6.5780854e-01   6.5780854e-01
   6.5301038e-01   6.5301038e-01   6.5301038e-01
   6.4821223e-01   6.4821223e-01   6.4821223e-01
   6.4341407e-01   6.4341407e-01   6.4341407e-01
   6.3861592e-01   6.3861592e-01   6.3861592e-01
   6.3381776e-01   6.3381776e-01   6.3381776e-01
   6.2901961e-01   6.2901961e-01   6.2901961e-01
   6.2422145e-01   6.2422145e-01   6.2422145e-01
   6.1942330e-01   6.1942330e-01   6.1942330e-01
   6.1462514e-01   6.1462514e-01   6.1462514e-01
   6.0982699e-01   6.0982699e-01   6.0982699e-01
   6.0502884e-01   6.0502884e-01   6.0502884e-01
   6.0023068e-01   6.0023068e-01   6.0023068e-01
   5.9543253e-01   5.9543253e-01   5.9543253e-01
   5.9063437e-01   5.9063437e-01   5.9063437e-01
   5.8608228e-01   5.8608228e-01   5.8608228e-01
   5.8177624e-01   5.8177624e-01   5.8177624e-01
   5.7747020e-01   5.7747020e-01   5.7747020e-01
   5.7316417e-01   5.7316417e-01   5.7316417e-01
   5.6885813e-01   5.6885813e-01   5.6885813e-01
   5.6455210e-01   5.6455210e-01   5.6455210e-01
   5.6024606e-01   5.6024606e-01   5.6024606e-01
   5.5594002e-01   5.5594002e-01   5.5594002e-01
   5.5163399e-01   5.5163399e-01   5.5163399e-01
   5.4732795e-01   5.4732795e-01   5.4732795e-01
   5.4302191e-01   5.4302191e-01   5.4302191e-01
   5.3871588e-01   5.3871588e-01   5.3871588e-01
   5.3440984e-01   5.3440984e-01   5.3440984e-01
   5.3010381e-01   5.3010381e-01   5.3010381e-01
   5.2579777e-01   5.2579777e-01   5.2579777e-01
   5.2149173e-01   5.2149173e-01   5.2149173e-01
   5.1718570e-01   5.1718570e-01   5.1718570e-01
   5.1287966e-01   5.1287966e-01   5.1287966e-01
   5.0857363e-01   5.0857363e-01   5.0857363e-01
   5.0426759e-01   5.0426759e-01   5.0426759e-01
   4.9996155e-01   4.9996155e-01   4.9996155e-01
   4.9565552e-01   4.9565552e-01   4.9565552e-01
   4.9134948e-01   4.9134948e-01   4.9134948e-01
   4.8704344e-01   4.8704344e-01   4.8704344e-01
   4.8273741e-01   4.8273741e-01   4.8273741e-01
   4.7843137e-01   4.7843137e-01   4.7843137e-01
   4.7412534e-01   4.7412534e-01   4.7412534e-01
   4.6981930e-01   4.6981930e-01   4.6981930e-01
   4.6551326e-01   4.6551326e-01   4.6551326e-01
   4.6120723e-01   4.6120723e-01   4.6120723e-01
   4.5690119e-01   4.5690119e-01   4.5690119e-01
   4.5259516e-01   4.5259516e-01   4.5259516e-01
   4.4844291e-01   4.4844291e-01   4.4844291e-01
   4.4438293e-01   4.4438293e-01   4.4438293e-01
   4.4032295e-01   4.4032295e-01   4.4032295e-01
   4.3626298e-01   4.3626298e-01   4.3626298e-01
   4.3220300e-01   4.3220300e-01   4.3220300e-01
   4.2814302e-01   4.2814302e-01   4.2814302e-01
   4.2408304e-01   4.2408304e-01   4.2408304e-01
   4.2002307e-01   4.2002307e-01   4.2002307e-01
   4.1596309e-01   4.1596309e-01   4.1596309e-01
   4.1190311e-01   4.1190311e-01   4.1190311e-01
   4.0784314e-01   4.0784314e-01   4.0784314e-01
   4.0378316e-01   4.0378316e-01   4.0378316e-01
   3.9972318e-01   3.9972318e-01   3.9972318e-01
   3.9566321e-01   3.9566321e-01   3.9566321e-01
   3.9160323e-01   3.9160323e-01   3.9160323e-01
   3.8754325e-01   3.8754325e-01   3.8754325e-01
   3.8348328e-01   3.8348328e-01   3.8348328e-01
   3.7942330e-01   3.7942330e-01   3.7942330e-01
   3.7536332e-01   3.7536332e-01   3.7536332e-01
   3.7130334e-01   3.7130334e-01   3.7130334e-01
   3.6724337e-01   3.6724337e-01   3.6724337e-01
   3.6318339e-01   3.6318339e-01   3.6318339e-01
   3.5912341e-01   3.5912341e-01   3.5912341e-01
   3.5506344e-01   3.5506344e-01   3.5506344e-01
   3.5100346e-01   3.5100346e-01   3.5100346e-01
   3.4694348e-01   3.4694348e-01   3.4694348e-01
   3.4288351e-01   3.4288351e-01   3.4288351e-01
   3.3882353e-01   3.3882353e-01   3.3882353e-01
   3.3476355e-01   3.3476355e-01   3.3476355e-01
   3.3070358e-01   3.3070358e-01   3.3070358e-01
   3.2664360e-01   3.2664360e-01   3.2664360e-01
   3.2258362e-01   3.2258362e-01   3.2258362e-01
   3.1741638e-01   3.1741638e-01   3.1741638e-01
   3.1188005e-01   3.1188005e-01   3.1188005e-01
   3.0634371e-01   3.0634371e-01   3.0634371e-01
   3.0080738e-01   3.0080738e-01   3.0080738e-01
   2.9527105e-01   2.9527105e-01   2.9527105e-01
   2.8973472e-01   2.8973472e-01   2.8973472e-01
   2.8419839e-01   2.8419839e-01   2.8419839e-01
   2.7866205e-01   2.7866205e-01   2.7866205e-01
   2.7312572e-01   2.7312572e-01   2.7312572e-01
   2.6758939e-01   2.6758939e-01   2.6758939e-01
   2.6205306e-01   2.6205306e-01   2.6205306e-01
   2.5651672e-01   2.5651672e-01   2.5651672e-01
   2.5098039e-01   2.5098039e-01   2.5098039e-01
   2.4544406e-01   2.4544406e-01   2.4544406e-01
   2.3990773e-01   2.3990773e-01   2.3990773e-01
   2.3437140e-01   2.3437140e-01   2.3437140e-01
   2.2883506e-01   2.2883506e-01   2.2883506e-01
   2.2329873e-01   2.2329873e-01   2.2329873e-01
   2.1776240e-01   2.1776240e-01   2.1776240e-01
   2.1222607e-01   2.1222607e-01   2.1222607e-01
   2.0668973e-01   2.0668973e-01   2.0668973e-01
   2.0115340e-01   2.0115340e-01   2.0115340e-01
   1.9561707e-01   1.9561707e-01   1.9561707e-01
   1.9008074e-01   1.9008074e-01   1.9008074e-01
   1.8454441e-01   1.8454441e-01   1.8454441e-01
   1.7900807e-01   1.7900807e-01   1.7900807e-01
   1.7347174e-01   1.7347174e-01   1.7347174e-01
   1.6793541e-01   1.6793541e-01   1.6793541e-01
   1.6239908e-01   1.6239908e-01   1.6239908e-01
   1.5686275e-01   1.5686275e-01   1.5686275e-01
   1.5132641e-01   1.5132641e-01   1.5132641e-01
   1.4579008e-01   1.4579008e-01   1.4579008e-01
   1.4111496e-01   1.4111496e-01   1.4111496e-01
   1.3656286e-01   1.3656286e-01   1.3656286e-01
   1.3201077e-01   1.3201077e-01   1.3201077e-01
   1.2745867e-01   1.2745867e-01   1.2745867e-01
   1.2290657e-01   1.2290657e-01   1.2290657e-01
   1.1835448e-01   1.1835448e-01   1.1835448e-01
   1.1380238e-01   1.1380238e-01   1.1380238e-01
   1.0925029e-01   1.0925029e-01   1.0925029e-01
   1.0469819e-01   1.0469819e-01   1.0469819e-01
   1.0014610e-01   1.0014610e-01   1.0014610e-01
   9.5594002e-02   9.5594002e-02   9.5594002e-02
   9.1041907e-02   9.1041907e-02   9.1041907e-02
   8.6489812e-02   8.6489812e-02   8.6489812e-02
   8.1937716e-02   8.1937716e-02   8.1937716e-02
   7.7385621e-02   7.7385621e-02   7.7385621e-02
   7.2833526e-02   7.2833526e-02   7.2833526e-02
   6.8281430e-02   6.8281430e-02   6.8281430e-02
   6.3729335e-02   6.3729335e-02   6.3729335e-02
   5.9177240e-02   5.9177240e-02   5.9177240e-02
   5.4625144e-02   5.4625144e-02   5.4625144e-02
   5.0073049e-02   5.0073049e-02   5.0073049e-02
   4.5520953e-02   4.5520953e-02   4.5520953e-02
   4.0968858e-02   4.0968858e-02   4.0968858e-02
   3.6416763e-02   3.6416763e-02   3.6416763e-02
   3.1864667e-02   3.1864667e-02   3.1864667e-02
   2.7312572e-02   2.7312572e-02   2.7312572e-02
   2.2760477e-02   2.2760477e-02   2.2760477e-02
   1.8208381e-02   1.8208381e-02   1.8208381e-02
   1.3656286e-02   1.3656286e-02   1.3656286e-02
   9.1041907e-03   9.1041907e-03   9.1041907e-03
   4.5520953e-03   4.5520953e-03   4.5520953e-03
   0.0000000e+00   0.0000000e+00   0.0000000e+00
