   4.1600000e-02   0.0000000e+00   0.0000000e+00
   5.1894844e-02   0.0000000e+00   0.0000000e+00
   6.2189688e-02   0.0000000e+00   0.0000000e+00
   7.2484532e-02   0.0000000e+00   0.0000000e+00
   8.2779376e-02   0.0000000e+00   0.0000000e+00
   9.3074220e-02   0.0000000e+00   0.0000000e+00
   1.0336906e-01   0.0000000e+00   0.0000000e+00
   1.1366391e-01   0.0000000e+00   0.0000000e+00
   1.2395875e-01   0.0000000e+00   0.0000000e+00
   1.3425360e-01   0.0000000e+00   0.0000000e+00
   1.4454844e-01   0.0000000e+00   0.0000000e+00
   1.5484328e-01   0.0000000e+00   0.0000000e+00
   1.6513813e-01   0.0000000e+00   0.0000000e+00
   1.7543297e-01   0.0000000e+00   0.0000000e+00
   1.8572782e-01   0.0000000e+00   0.0000000e+00
   1.9602266e-01   0.0000000e+00   0.0000000e+00
   2.0631750e-01   0.0000000e+00   0.0000000e+00
   2.1661235e-01   0.0000000e+00   0.0000000e+00
   2.2690719e-01   0.0000000e+00   0.0000000e+00
   2.3720204e-01   0.0000000e+00   0.0000000e+00
   2.4749688e-01   0.0000000e+00   0.0000000e+00
   2.5779173e-01   0.0000000e+00   0.0000000e+00
   2.6808657e-01   0.0000000e+00   0.0000000e+00
   2.7838141e-01   0.0000000e+00   0.0000000e+00
   2.8867626e-01   0.0000000e+00   0.0000000e+00
   2.9897110e-01   0.0000000e+00   0.0000000e+00
   3.0926595e-01   0.0000000e+00   0.0000000e+00
   3.1956079e-01   0.0000000e+00   0.0000000e+00
   3.2985563e-01   0.0000000e+00   0.0000000e+00
   3.4015048e-01   0.0000000e+00   0.0000000e+00
   3.5044532e-01   0.0000000e+00   0.0000000e+00
   3.6074017e-01   0.0000000e+00   0.0000000e+00
   3.7103501e-01   0.0000000e+00   0.0000000e+00
   3.8132985e-01   0.0000000e+00   0.0000000e+00
   3.9162470e-01   0.0000000e+00   0.0000000e+00
   4.0191954e-01   0.0000000e+00   0.0000000e+00
   4.1221439e-01   0.0000000e+00   0.0000000e+00
   4.2250923e-01   0.0000000e+00   0.0000000e+00
   4.3280407e-01   0.0000000e+00   0.0000000e+00
   4.4309892e-01   0.0000000e+00   0.0000000e+00
   4.5339376e-01   0.0000000e+00   0.0000000e+00
   4.6368861e-01   0.0000000e+00   0.0000000e+00
   4.7398345e-01   0.0000000e+00   0.0000000e+00
   4.8427829e-01   0.0000000e+00   0.0000000e+00
   4.9457314e-01   0.0000000e+00   0.0000000e+00
   5.0486798e-01   0.0000000e+00   0.0000000e+00
   5.1516283e-01   0.0000000e+00   0.0000000e+00
   5.2545767e-01   0.0000000e+00   0.0000000e+00
   5.3575251e-01   0.0000000e+00   0.0000000e+00
   5.4604736e-01   0.0000000e+00   0.0000000e+00
   5.5634220e-01   0.0000000e+00   0.0000000e+00
   5.6663705e-01   0.0000000e+00   0.0000000e+00
   5.7693189e-01   0.0000000e+00   0.0000000e+00
   5.8722673e-01   0.0000000e+00   0.0000000e+00
   5.9752158e-01   0.0000000e+00   0.0000000e+00
   6.0781642e-01   0.0000000e+00   0.0000000e+00
   6.1811127e-01   0.0000000e+00   0.0000000e+00
   6.2840611e-01   0.0000000e+00   0.0000000e+00
   6.3870096e-01   0.0000000e+00   0.0000000e+00
   6.4899580e-01   0.0000000e+00   0.0000000e+00
   6.5929064e-01   0.0000000e+00   0.0000000e+00
   6.6958549e-01   0.0000000e+00   0.0000000e+00
   6.7988033e-01   0.0000000e+00   0.0000000e+00
   6.9017518e-01   0.0000000e+00   0.0000000e+00
   7.0047002e-01   0.0000000e+00   0.0000000e+00
   7.1076486e-01   0.0000000e+00   0.0000000e+00
   7.2105971e-01   0.0000000e+00   0.0000000e+00
   7.3135455e-01   0.0000000e+00   0.0000000e+00
   7.4164940e-01   0.0000000e+00   0.0000000e+00
   7.5194424e-01   0.0000000e+00   0.0000000e+00
   7.6223908e-01   0.0000000e+00   0.0000000e+00
   7.7253393e-01   0.0000000e+00   0.0000000e+00
   7.8282877e-01   0.0000000e+00   0.0000000e+00
   7.9312362e-01   0.0000000e+00   0.0000000e+00
   8.0341846e-01   0.0000000e+00   0.0000000e+00
   8.1371330e-01   0.0000000e+00   0.0000000e+00
   8.2400815e-01   0.0000000e+00   0.0000000e+00
   8.3430299e-01   0.0000000e+00   0.0000000e+00
   8.4459784e-01   0.0000000e+00   0.0000000e+00
   8.5489268e-01   0.0000000e+00   0.0000000e+00
   8.6518752e-01   0.0000000e+00   0.0000000e+00
   8.7548237e-01   0.0000000e+00   0.0000000e+00
   8.8577721e-01   0.0000000e+00   0.0000000e+00
   8.9607206e-01   0.0000000e+00   0.0000000e+00
   9.0636690e-01   0.0000000e+00   0.0000000e+00
   9.1666174e-01   0.0000000e+00   0.0000000e+00
   9.2695659e-01   0.0000000e+00   0.0000000e+00
   9.3725143e-01   0.0000000e+00   0.0000000e+00
   9.4754628e-01   0.0000000e+00   0.0000000e+00
   9.5784112e-01   0.0000000e+00   0.0000000e+00
   9.6813596e-01   0.0000000e+00   0.0000000e+00
   9.7843081e-01   0.0000000e+00   0.0000000e+00
   9.8872565e-01   0.0000000e+00   0.0000000e+00
   9.9902050e-01   0.0000000e+00   0.0000000e+00
   1.0000000e+00   9.3146687e-03   0.0000000e+00
   1.0000000e+00   1.9608770e-02   0.0000000e+00
   1.0000000e+00   2.9902871e-02   0.0000000e+00
   1.0000000e+00   4.0196971e-02   0.0000000e+00
   1.0000000e+00   5.0491072e-02   0.0000000e+00
   1.0000000e+00   6.0785173e-02   0.0000000e+00
   1.0000000e+00   7.1079274e-02   0.0000000e+00
   1.0000000e+00   8.1373375e-02   0.0000000e+00
   1.0000000e+00   9.1667476e-02   0.0000000e+00
   1.0000000e+00   1.0196158e-01   0.0000000e+00
   1.0000000e+00   1.1225568e-01   0.0000000e+00
   1.0000000e+00   1.2254978e-01   0.0000000e+00
   1.0000000e+00   1.3284388e-01   0.0000000e+00
   1.0000000e+00   1.4313798e-01   0.0000000e+00
   1.0000000e+00   1.5343208e-01   0.0000000e+00
   1.0000000e+00   1.6372618e-01   0.0000000e+00
   1.0000000e+00   1.7402028e-01   0.0000000e+00
   1.0000000e+00   1.8431438e-01   0.0000000e+00
   1.0000000e+00   1.9460849e-01   0.0000000e+00
   1.0000000e+00   2.0490259e-01   0.0000000e+00
   1.0000000e+00   2.1519669e-01   0.0000000e+00
   1.0000000e+00   2.2549079e-01   0.0000000e+00
   1.0000000e+00   2.3578489e-01   0.0000000e+00
   1.0000000e+00   2.4607899e-01   0.0000000e+00
   1.0000000e+00   2.5637309e-01   0.0000000e+00
   1.0000000e+00   2.6666719e-01   0.0000000e+00
   1.0000000e+00   2.7696129e-01   0.0000000e+00
   1.0000000e+00   2.8725539e-01   0.0000000e+00
   1.0000000e+00   2.9754949e-01   0.0000000e+00
   1.0000000e+00   3.0784360e-01   0.0000000e+00
   1.0000000e+00   3.1813770e-01   0.0000000e+00
   1.0000000e+00   3.2843180e-01   0.0000000e+00
   1.0000000e+00   3.3872590e-01   0.0000000e+00
   1.0000000e+00   3.4902000e-01   0.0000000e+00
   1.0000000e+00   3.5931410e-01   0.0000000e+00
   1.0000000e+00   3.6960820e-01   0.0000000e+00
   1.0000000e+00   3.7990230e-01   0.0000000e+00
   1.0000000e+00   3.9019640e-01   0.0000000e+00
   1.0000000e+00   4.0049050e-01   0.0000000e+00
   1.0000000e+00   4.1078460e-01   0.0000000e+00
   1.0000000e+00   4.2107871e-01   0.0000000e+00
   1.0000000e+00   4.3137281e-01   0.0000000e+00
   1.0000000e+00   4.4166691e-01   0.0000000e+00
   1.0000000e+00   4.5196101e-01   0.0000000e+00
   1.0000000e+00   4.6225511e-01   0.0000000e+00
   1.0000000e+00   4.7254921e-01   0.0000000e+00
   1.0000000e+00   4.8284331e-01   0.0000000e+00
   1.0000000e+00   4.9313741e-01   0.0000000e+00
   1.0000000e+00   5.0343151e-01   0.0000000e+00
   1.0000000e+00   5.1372561e-01   0.0000000e+00
   1.0000000e+00   5.2401971e-01   0.0000000e+00
   1.0000000e+00   5.3431382e-01   0.0000000e+00
   1.0000000e+00   5.4460792e-01   0.0000000e+00
   1.0000000e+00   5.5490202e-01   0.0000000e+00
   1.0000000e+00   5.6519612e-01   0.0000000e+00
   1.0000000e+00   5.7549022e-01   0.0000000e+00
   1.0000000e+00   5.8578432e-01   0.0000000e+00
   1.0000000e+00   5.9607842e-01   0.0000000e+00
   1.0000000e+00   6.0637252e-01   0.0000000e+00
   1.0000000e+00   6.1666662e-01   0.0000000e+00
   1.0000000e+00   6.2696072e-01   0.0000000e+00
   1.0000000e+00   6.3725482e-01   0.0000000e+00
   1.0000000e+00   6.4754893e-01   0.0000000e+00
   1.0000000e+00   6.5784303e-01   0.0000000e+00
   1.0000000e+00   6.6813713e-01   0.0000000e+00
   1.0000000e+00   6.7843123e-01   0.0000000e+00
   1.0000000e+00   6.8872533e-01   0.0000000e+00
   1.0000000e+00   6.9901943e-01   0.0000000e+00
   1.0000000e+00   7.0931353e-01   0.0000000e+00
   1.0000000e+00   7.1960763e-01   0.0000000e+00
   1.0000000e+00   7.2990173e-01   0.0000000e+00
   1.0000000e+00   7.4019583e-01   0.0000000e+00
   1.0000000e+00   7.5048993e-01   0.0000000e+00
   1.0000000e+00   7.6078404e-01   0.0000000e+00
   1.0000000e+00   7.7107814e-01   0.0000000e+00
   1.0000000e+00   7.8137224e-01   0.0000000e+00
   1.0000000e+00   7.9166634e-01   0.0000000e+00
   1.0000000e+00   8.0196044e-01   0.0000000e+00
   1.0000000e+00   8.1225454e-01   0.0000000e+00
   1.0000000e+00   8.2254864e-01   0.0000000e+00
   1.0000000e+00   8.3284274e-01   0.0000000e+00
   1.0000000e+00   8.4313684e-01   0.0000000e+00
   1.0000000e+00   8.5343094e-01   0.0000000e+00
   1.0000000e+00   8.6372504e-01   0.0000000e+00
   1.0000000e+00   8.7401915e-01   0.0000000e+00
   1.0000000e+00   8.8431325e-01   0.0000000e+00
   1.0000000e+00   8.9460735e-01   0.0000000e+00
   1.0000000e+00   9.0490145e-01   0.0000000e+00
   1.0000000e+00   9.1519555e-01   0.0000000e+00
   1.0000000e+00   9.2548965e-01   0.0000000e+00
   1.0000000e+00   9.3578375e-01   0.0000000e+00
   1.0000000e+00   9.4607785e-01   0.0000000e+00
   1.0000000e+00   9.5637195e-01   0.0000000e+00
   1.0000000e+00   9.6666605e-01   0.0000000e+00
   1.0000000e+00   9.7696016e-01   0.0000000e+00
   1.0000000e+00   9.8725426e-01   0.0000000e+00
   1.0000000e+00   9.9754836e-01   0.0000000e+00
   1.0000000e+00   1.0000000e+00   1.1763718e-02
   1.0000000e+00   1.0000000e+00   2.7204910e-02
   1.0000000e+00   1.0000000e+00   4.2646101e-02
   1.0000000e+00   1.0000000e+00   5.8087293e-02
   1.0000000e+00   1.0000000e+00   7.3528485e-02
   1.0000000e+00   1.0000000e+00   8.8969677e-02
   1.0000000e+00   1.0000000e+00   1.0441087e-01
   1.0000000e+00   1.0000000e+00   1.1985206e-01
   1.0000000e+00   1.0000000e+00   1.3529325e-01
   1.0000000e+00   1.0000000e+00   1.5073444e-01
   1.0000000e+00   1.0000000e+00   1.6617564e-01
   1.0000000e+00   1.0000000e+00   1.8161683e-01
   1.0000000e+00   1.0000000e+00   1.9705802e-01
   1.0000000e+00   1.0000000e+00   2.1249921e-01
   1.0000000e+00   1.0000000e+00   2.2794040e-01
   1.0000000e+00   1.0000000e+00   2.4338160e-01
   1.0000000e+00   1.0000000e+00   2.5882279e-01
   1.0000000e+00   1.0000000e+00   2.7426398e-01
   1.0000000e+00   1.0000000e+00   2.8970517e-01
   1.0000000e+00   1.0000000e+00   3.0514636e-01
   1.0000000e+00   1.0000000e+00   3.2058756e-01
   1.0000000e+00   1.0000000e+00   3.3602875e-01
   1.0000000e+00   1.0000000e+00   3.5146994e-01
   1.0000000e+00   1.0000000e+00   3.6691113e-01
   1.0000000e+00   1.0000000e+00   3.8235232e-01
   1.0000000e+00   1.0000000e+00   3.9779352e-01
   1.0000000e+00   1.0000000e+00   4.1323471e-01
   1.0000000e+00   1.0000000e+00   4.2867590e-01
   1.0000000e+00   1.0000000e+00   4.4411709e-01
   1.0000000e+00   1.0000000e+00   4.5955828e-01
   1.0000000e+00   1.0000000e+00   4.7499947e-01
   1.0000000e+00   1.0000000e+00   4.9044067e-01
   1.0000000e+00   1.0000000e+00   5.0588186e-01
   1.0000000e+00   1.0000000e+00   5.2132305e-01
   1.0000000e+00   1.0000000e+00   5.3676424e-01
   1.0000000e+00   1.0000000e+00   5.5220543e-01
   1.0000000e+00   1.0000000e+00   5.6764663e-01
   1.0000000e+00   1.0000000e+00   5.8308782e-01
   1.0000000e+00   1.0000000e+00   5.9852901e-01
   1.0000000e+00   1.0000000e+00   6.1397020e-01
   1.0000000e+00   1.0000000e+00   6.2941139e-01
   1.0000000e+00   1.0000000e+00   6.4485259e-01
   1.0000000e+00   1.0000000e+00   6.6029378e-01
   1.0000000e+00   1.0000000e+00   6.7573497e-01
   1.0000000e+00   1.0000000e+00   6.9117616e-01
   1.0000000e+00   1.0000000e+00   7.0661735e-01
   1.0000000e+00   1.0000000e+00   7.2205855e-01
   1.0000000e+00   1.0000000e+00   7.3749974e-01
   1.0000000e+00   1.0000000e+00   7.5294093e-01
   1.0000000e+00   1.0000000e+00   7.6838212e-01
   1.0000000e+00   1.0000000e+00   7.8382331e-01
   1.0000000e+00   1.0000000e+00   7.9926451e-01
   1.0000000e+00   1.0000000e+00   8.1470570e-01
   1.0000000e+00   1.0000000e+00   8.3014689e-01
   1.0000000e+00   1.0000000e+00   8.4558808e-01
   1.0000000e+00   1.0000000e+00   8.6102927e-01
   1.0000000e+00   1.0000000e+00   8.7647046e-01
   1.0000000e+00   1.0000000e+00   8.9191166e-01
   1.0000000e+00   1.0000000e+00   9.0735285e-01
   1.0000000e+00   1.0000000e+00   9.2279404e-01
   1.0000000e+00   1.0000000e+00   9.3823523e-01
   1.0000000e+00   1.0000000e+00   9.5367642e-01
   1.0000000e+00   1.0000000e+00   9.6911762e-01
   1.0000000e+00   1.0000000e+00   9.8455881e-01
   1.0000000e+00   1.0000000e+00   1.0000000e+00
