   1.0000000e+00   0.0000000e+00   0.0000000e+00
   1.0000000e+00   2.3161788e-02   0.0000000e+00
   1.0000000e+00   4.6323576e-02   0.0000000e+00
   1.0000000e+00   6.9485364e-02   0.0000000e+00
   1.0000000e+00   9.2647151e-02   0.0000000e+00
   1.0000000e+00   1.1580894e-01   0.0000000e+00
   1.0000000e+00   1.3897073e-01   0.0000000e+00
   1.0000000e+00   1.6213252e-01   0.0000000e+00
   1.0000000e+00   1.8529430e-01   0.0000000e+00
   1.0000000e+00   2.0845609e-01   0.0000000e+00
   1.0000000e+00   2.3161788e-01   0.0000000e+00
   1.0000000e+00   2.5477967e-01   0.0000000e+00
   1.0000000e+00   2.7794145e-01   0.0000000e+00
   1.0000000e+00   3.0110324e-01   0.0000000e+00
   1.0000000e+00   3.2426503e-01   0.0000000e+00
   1.0000000e+00   3.4742682e-01   0.0000000e+00
   1.0000000e+00   3.7058861e-01   0.0000000e+00
   1.0000000e+00   3.9375039e-01   0.0000000e+00
   1.0000000e+00   4.1691218e-01   0.0000000e+00
   1.0000000e+00   4.4007397e-01   0.0000000e+00
   1.0000000e+00   4.6323576e-01   0.0000000e+00
   1.0000000e+00   4.8639755e-01   0.0000000e+00
   1.0000000e+00   5.0955933e-01   0.0000000e+00
   1.0000000e+00   5.3272112e-01   0.0000000e+00
   1.0000000e+00   5.5588291e-01   0.0000000e+00
   1.0000000e+00   5.7904470e-01   0.0000000e+00
   1.0000000e+00   6.0220648e-01   0.0000000e+00
   1.0000000e+00   6.2536827e-01   0.0000000e+00
   1.0000000e+00   6.4853006e-01   0.0000000e+00
   1.0000000e+00   6.7169185e-01   0.0000000e+00
   1.0000000e+00   6.9485364e-01   0.0000000e+00
   1.0000000e+00   7.1801542e-01   0.0000000e+00
   1.0000000e+00   7.4117721e-01   0.0000000e+00
   1.0000000e+00   7.6433900e-01   0.0000000e+00
   1.0000000e+00   7.8750079e-01   0.0000000e+00
   1.0000000e+00   8.1066258e-01   0.0000000e+00
   1.0000000e+00   8.3382436e-01   0.0000000e+00
   1.0000000e+00   8.5698615e-01   0.0000000e+00
   1.0000000e+00   8.8014794e-01   0.0000000e+00
   1.0000000e+00   9.0330973e-01   0.0000000e+00
   1.0000000e+00   9.2647151e-01   0.0000000e+00
   9.9595557e-01   9.4558887e-01   0.0000000e+00
   9.8823497e-01   9.6103006e-01   0.0000000e+00
   9.8051437e-01   9.7647125e-01   0.0000000e+00
   9.7279378e-01   9.9191244e-01   0.0000000e+00
   9.5771955e-01   1.0000000e+00   0.0000000e+00
   9.3455776e-01   1.0000000e+00   0.0000000e+00
   9.1139597e-01   1.0000000e+00   0.0000000e+00
   8.8823418e-01   1.0000000e+00   0.0000000e+00
   8.6507239e-01   1.0000000e+00   0.0000000e+00
   8.4191061e-01   1.0000000e+00   0.0000000e+00
   8.1874882e-01   1.0000000e+00   0.0000000e+00
   7.9558703e-01   1.0000000e+00   0.0000000e+00
   7.7242524e-01   1.0000000e+00   0.0000000e+00
   7.4926346e-01   1.0000000e+00   0.0000000e+00
   7.2610167e-01   1.0000000e+00   0.0000000e+00
   7.0293988e-01   1.0000000e+00   0.0000000e+00
   6.7977809e-01   1.0000000e+00   0.0000000e+00
   6.5661630e-01   1.0000000e+00   0.0000000e+00
   6.3345452e-01   1.0000000e+00   0.0000000e+00
   6.1029273e-01   1.0000000e+00   0.0000000e+00
   5.8713094e-01   1.0000000e+00   0.0000000e+00
   5.6396915e-01   1.0000000e+00   0.0000000e+00
   5.4080736e-01   1.0000000e+00   0.0000000e+00
   5.1764558e-01   1.0000000e+00   0.0000000e+00
   4.9448379e-01   1.0000000e+00   0.0000000e+00
   4.7132200e-01   1.0000000e+00   0.0000000e+00
   4.4816021e-01   1.0000000e+00   0.0000000e+00
   4.2499842e-01   1.0000000e+00   0.0000000e+00
   4.0183664e-01   1.0000000e+00   0.0000000e+00
   3.7867485e-01   1.0000000e+00   0.0000000e+00
   3.5551306e-01   1.0000000e+00   0.0000000e+00
   3.3235127e-01   1.0000000e+00   0.0000000e+00
   3.0918949e-01   1.0000000e+00   0.0000000e+00
   2.8602770e-01   1.0000000e+00   0.0000000e+00
   2.6286591e-01   1.0000000e+00   0.0000000e+00
   2.3970412e-01   1.0000000e+00   0.0000000e+00
   2.1654233e-01   1.0000000e+00   0.0000000e+00
   1.9338055e-01   1.0000000e+00   0.0000000e+00
   1.7021876e-01   1.0000000e+00   0.0000000e+00
   1.4705697e-01   1.0000000e+00   0.0000000e+00
   1.2389518e-01   1.0000000e+00   0.0000000e+00
   1.0073339e-01   1.0000000e+00   0.0000000e+00
   7.7571607e-02   1.0000000e+00   0.0000000e+00
   5.4409819e-02   1.0000000e+00   0.0000000e+00
   3.1249344e-02   1.0000000e+00   1.3125013e-06
   2.3528748e-02   1.0000000e+00   1.5442504e-02
   1.5808152e-02   1.0000000e+00   3.0883696e-02
   8.0875559e-03   1.0000000e+00   4.6324888e-02
   3.6695993e-04   1.0000000e+00   6.1766080e-02
   0.0000000e+00   1.0000000e+00   8.4560769e-02
   0.0000000e+00   1.0000000e+00   1.0772241e-01
   0.0000000e+00   1.0000000e+00   1.3088405e-01
   0.0000000e+00   1.0000000e+00   1.5404569e-01
   0.0000000e+00   1.0000000e+00   1.7720734e-01
   0.0000000e+00   1.0000000e+00   2.0036898e-01
   0.0000000e+00   1.0000000e+00   2.2353062e-01
   0.0000000e+00   1.0000000e+00   2.4669226e-01
   0.0000000e+00   1.0000000e+00   2.6985390e-01
   0.0000000e+00   1.0000000e+00   2.9301555e-01
   0.0000000e+00   1.0000000e+00   3.1617719e-01
   0.0000000e+00   1.0000000e+00   3.3933883e-01
   0.0000000e+00   1.0000000e+00   3.6250047e-01
   0.0000000e+00   1.0000000e+00   3.8566211e-01
   0.0000000e+00   1.0000000e+00   4.0882376e-01
   0.0000000e+00   1.0000000e+00   4.3198540e-01
   0.0000000e+00   1.0000000e+00   4.5514704e-01
   0.0000000e+00   1.0000000e+00   4.7830868e-01
   0.0000000e+00   1.0000000e+00   5.0147032e-01
   0.0000000e+00   1.0000000e+00   5.2463197e-01
   0.0000000e+00   1.0000000e+00   5.4779361e-01
   0.0000000e+00   1.0000000e+00   5.7095525e-01
   0.0000000e+00   1.0000000e+00   5.9411689e-01
   0.0000000e+00   1.0000000e+00   6.1727853e-01
   0.0000000e+00   1.0000000e+00   6.4044018e-01
   0.0000000e+00   1.0000000e+00   6.6360182e-01
   0.0000000e+00   1.0000000e+00   6.8676346e-01
   0.0000000e+00   1.0000000e+00   7.0992510e-01
   0.0000000e+00   1.0000000e+00   7.3308674e-01
   0.0000000e+00   1.0000000e+00   7.5624839e-01
   0.0000000e+00   1.0000000e+00   7.7941003e-01
   0.0000000e+00   1.0000000e+00   8.0257167e-01
   0.0000000e+00   1.0000000e+00   8.2573331e-01
   0.0000000e+00   1.0000000e+00   8.4889495e-01
   0.0000000e+00   1.0000000e+00   8.7205660e-01
   0.0000000e+00   1.0000000e+00   8.9521824e-01
   0.0000000e+00   1.0000000e+00   9.1837988e-01
   0.0000000e+00   1.0000000e+00   9.4154152e-01
   0.0000000e+00   1.0000000e+00   9.6470316e-01
   0.0000000e+00   1.0000000e+00   9.8786481e-01
   0.0000000e+00   9.8897348e-01   1.0000000e+00
   0.0000000e+00   9.6581170e-01   1.0000000e+00
   0.0000000e+00   9.4264991e-01   1.0000000e+00
   0.0000000e+00   9.1948812e-01   1.0000000e+00
   0.0000000e+00   8.9632633e-01   1.0000000e+00
   0.0000000e+00   8.7316454e-01   1.0000000e+00
   0.0000000e+00   8.5000276e-01   1.0000000e+00
   0.0000000e+00   8.2684097e-01   1.0000000e+00
   0.0000000e+00   8.0367918e-01   1.0000000e+00
   0.0000000e+00   7.8051739e-01   1.0000000e+00
   0.0000000e+00   7.5735560e-01   1.0000000e+00
   0.0000000e+00   7.3419382e-01   1.0000000e+00
   0.0000000e+00   7.1103203e-01   1.0000000e+00
   0.0000000e+00   6.8787024e-01   1.0000000e+00
   0.0000000e+00   6.6470845e-01   1.0000000e+00
   0.0000000e+00   6.4154667e-01   1.0000000e+00
   0.0000000e+00   6.1838488e-01   1.0000000e+00
   0.0000000e+00   5.9522309e-01   1.0000000e+00
   0.0000000e+00   5.7206130e-01   1.0000000e+00
   0.0000000e+00   5.4889951e-01   1.0000000e+00
   0.0000000e+00   5.2573773e-01   1.0000000e+00
   0.0000000e+00   5.0257594e-01   1.0000000e+00
   0.0000000e+00   4.7941415e-01   1.0000000e+00
   0.0000000e+00   4.5625236e-01   1.0000000e+00
   0.0000000e+00   4.3309057e-01   1.0000000e+00
   0.0000000e+00   4.0992879e-01   1.0000000e+00
   0.0000000e+00   3.8676700e-01   1.0000000e+00
   0.0000000e+00   3.6360521e-01   1.0000000e+00
   0.0000000e+00   3.4044342e-01   1.0000000e+00
   0.0000000e+00   3.1728164e-01   1.0000000e+00
   0.0000000e+00   2.9411985e-01   1.0000000e+00
   0.0000000e+00   2.7095806e-01   1.0000000e+00
   0.0000000e+00   2.4779627e-01   1.0000000e+00
   0.0000000e+00   2.2463448e-01   1.0000000e+00
   0.0000000e+00   2.0147270e-01   1.0000000e+00
   0.0000000e+00   1.7831091e-01   1.0000000e+00
   0.0000000e+00   1.5514912e-01   1.0000000e+00
   0.0000000e+00   1.3198733e-01   1.0000000e+00
   0.0000000e+00   1.0882554e-01   1.0000000e+00
   0.0000000e+00   8.5663757e-02   1.0000000e+00
   0.0000000e+00   6.2501969e-02   1.0000000e+00
   7.7199397e-03   4.7060121e-02   1.0000000e+00
   1.5440536e-02   3.1618929e-02   1.0000000e+00
   2.3161132e-02   1.6177737e-02   1.0000000e+00
   3.0881728e-02   7.3654485e-04   1.0000000e+00
   5.3306971e-02   0.0000000e+00   1.0000000e+00
   7.6468758e-02   0.0000000e+00   1.0000000e+00
   9.9630546e-02   0.0000000e+00   1.0000000e+00
   1.2279233e-01   0.0000000e+00   1.0000000e+00
   1.4595412e-01   0.0000000e+00   1.0000000e+00
   1.6911591e-01   0.0000000e+00   1.0000000e+00
   1.9227770e-01   0.0000000e+00   1.0000000e+00
   2.1543949e-01   0.0000000e+00   1.0000000e+00
   2.3860127e-01   0.0000000e+00   1.0000000e+00
   2.6176306e-01   0.0000000e+00   1.0000000e+00
   2.8492485e-01   0.0000000e+00   1.0000000e+00
   3.0808664e-01   0.0000000e+00   1.0000000e+00
   3.3124842e-01   0.0000000e+00   1.0000000e+00
   3.5441021e-01   0.0000000e+00   1.0000000e+00
   3.7757200e-01   0.0000000e+00   1.0000000e+00
   4.0073379e-01   0.0000000e+00   1.0000000e+00
   4.2389558e-01   0.0000000e+00   1.0000000e+00
   4.4705736e-01   0.0000000e+00   1.0000000e+00
   4.7021915e-01   0.0000000e+00   1.0000000e+00
   4.9338094e-01   0.0000000e+00   1.0000000e+00
   5.1654273e-01   0.0000000e+00   1.0000000e+00
   5.3970452e-01   0.0000000e+00   1.0000000e+00
   5.6286630e-01   0.0000000e+00   1.0000000e+00
   5.8602809e-01   0.0000000e+00   1.0000000e+00
   6.0918988e-01   0.0000000e+00   1.0000000e+00
   6.3235167e-01   0.0000000e+00   1.0000000e+00
   6.5551346e-01   0.0000000e+00   1.0000000e+00
   6.7867524e-01   0.0000000e+00   1.0000000e+00
   7.0183703e-01   0.0000000e+00   1.0000000e+00
   7.2499882e-01   0.0000000e+00   1.0000000e+00
   7.4816061e-01   0.0000000e+00   1.0000000e+00
   7.7132239e-01   0.0000000e+00   1.0000000e+00
   7.9448418e-01   0.0000000e+00   1.0000000e+00
   8.1764597e-01   0.0000000e+00   1.0000000e+00
   8.4080776e-01   0.0000000e+00   1.0000000e+00
   8.6396955e-01   0.0000000e+00   1.0000000e+00
   8.8713133e-01   0.0000000e+00   1.0000000e+00
   9.1029312e-01   0.0000000e+00   1.0000000e+00
   9.3345491e-01   0.0000000e+00   1.0000000e+00
   9.5661670e-01   0.0000000e+00   1.0000000e+00
   9.7242616e-01   0.0000000e+00   9.9264768e-01
   9.8014676e-01   0.0000000e+00   9.7720648e-01
   9.8786735e-01   0.0000000e+00   9.6176529e-01
   9.9558795e-01   0.0000000e+00   9.4632410e-01
   1.0000000e+00   0.0000000e+00   9.2757436e-01
   1.0000000e+00   0.0000000e+00   9.0441258e-01
   1.0000000e+00   0.0000000e+00   8.8125079e-01
   1.0000000e+00   0.0000000e+00   8.5808900e-01
   1.0000000e+00   0.0000000e+00   8.3492721e-01
   1.0000000e+00   0.0000000e+00   8.1176542e-01
   1.0000000e+00   0.0000000e+00   7.8860364e-01
   1.0000000e+00   0.0000000e+00   7.6544185e-01
   1.0000000e+00   0.0000000e+00   7.4228006e-01
   1.0000000e+00   0.0000000e+00   7.1911827e-01
   1.0000000e+00   0.0000000e+00   6.9595648e-01
   1.0000000e+00   0.0000000e+00   6.7279470e-01
   1.0000000e+00   0.0000000e+00   6.4963291e-01
   1.0000000e+00   0.0000000e+00   6.2647112e-01
   1.0000000e+00   0.0000000e+00   6.0330933e-01
   1.0000000e+00   0.0000000e+00   5.8014755e-01
   1.0000000e+00   0.0000000e+00   5.5698576e-01
   1.0000000e+00   0.0000000e+00   5.3382397e-01
   1.0000000e+00   0.0000000e+00   5.1066218e-01
   1.0000000e+00   0.0000000e+00   4.8750039e-01
   1.0000000e+00   0.0000000e+00   4.6433861e-01
   1.0000000e+00   0.0000000e+00   4.4117682e-01
   1.0000000e+00   0.0000000e+00   4.1801503e-01
   1.0000000e+00   0.0000000e+00   3.9485324e-01
   1.0000000e+00   0.0000000e+00   3.7169145e-01
   1.0000000e+00   0.0000000e+00   3.4852967e-01
   1.0000000e+00   0.0000000e+00   3.2536788e-01
   1.0000000e+00   0.0000000e+00   3.0220609e-01
   1.0000000e+00   0.0000000e+00   2.7904430e-01
   1.0000000e+00   0.0000000e+00   2.5588252e-01
   1.0000000e+00   0.0000000e+00   2.3272073e-01
   1.0000000e+00   0.0000000e+00   2.0955894e-01
   1.0000000e+00   0.0000000e+00   1.8639715e-01
   1.0000000e+00   0.0000000e+00   1.6323536e-01
   1.0000000e+00   0.0000000e+00   1.4007358e-01
   1.0000000e+00   0.0000000e+00   1.1691179e-01
   1.0000000e+00   0.0000000e+00   9.3750000e-02
