   1.4620000e-03   4.6600000e-04   1.3866000e-02
   2.2670000e-03   1.2700000e-03   1.8570000e-02
   3.2990000e-03   2.2490000e-03   2.4239000e-02
   4.5470000e-03   3.3920000e-03   3.0909000e-02
   6.0060000e-03   4.6920000e-03   3.8558000e-02
   7.6760000e-03   6.1360000e-03   4.6836000e-02
   9.5610000e-03   7.7130000e-03   5.5143000e-02
   1.1663000e-02   9.4170000e-03   6.3460000e-02
   1.3995000e-02   1.1225000e-02   7.1862000e-02
   1.6561000e-02   1.3136000e-02   8.0282000e-02
   1.9373000e-02   1.5133000e-02   8.8767000e-02
   2.2447000e-02   1.7199000e-02   9.7327000e-02
   2.5793000e-02   1.9331000e-02   1.0593000e-01
   2.9432000e-02   2.1503000e-02   1.1462100e-01
   3.3385000e-02   2.3702000e-02   1.2339700e-01
   3.7668000e-02   2.5921000e-02   1.3223200e-01
   4.2253000e-02   2.8139000e-02   1.4114100e-01
   4.6915000e-02   3.0324000e-02   1.5016400e-01
   5.1644000e-02   3.2474000e-02   1.5925400e-01
   5.6449000e-02   3.4569000e-02   1.6841400e-01
   6.1340000e-02   3.6590000e-02   1.7764200e-01
   6.6331000e-02   3.8504000e-02   1.8696200e-01
   7.1429000e-02   4.0294000e-02   1.9635400e-01
   7.6637000e-02   4.1905000e-02   2.0579900e-01
   8.1962000e-02   4.3328000e-02   2.1528900e-01
   8.7411000e-02   4.4556000e-02   2.2481300e-01
   9.2990000e-02   4.5583000e-02   2.3435800e-01
   9.8702000e-02   4.6402000e-02   2.4390400e-01
   1.0455100e-01   4.7008000e-02   2.5343000e-01
   1.1053600e-01   4.7399000e-02   2.6291200e-01
   1.1665600e-01   4.7574000e-02   2.7232100e-01
   1.2290800e-01   4.7536000e-02   2.8162400e-01
   1.2928500e-01   4.7293000e-02   2.9078800e-01
   1.3577800e-01   4.6856000e-02   2.9977600e-01
   1.4237800e-01   4.6242000e-02   3.0855300e-01
   1.4907300e-01   4.5468000e-02   3.1708500e-01
   1.5585000e-01   4.4559000e-02   3.2533800e-01
   1.6268900e-01   4.3554000e-02   3.3327700e-01
   1.6957500e-01   4.2489000e-02   3.4087400e-01
   1.7649300e-01   4.1402000e-02   3.4811100e-01
   1.8342900e-01   4.0329000e-02   3.5497100e-01
   1.9036700e-01   3.9309000e-02   3.6144700e-01
   1.9729700e-01   3.8400000e-02   3.6753500e-01
   2.0420900e-01   3.7632000e-02   3.7323800e-01
   2.1109500e-01   3.7030000e-02   3.7856300e-01
   2.1794900e-01   3.6615000e-02   3.8352200e-01
   2.2476300e-01   3.6405000e-02   3.8812900e-01
   2.3153800e-01   3.6405000e-02   3.9240000e-01
   2.3827300e-01   3.6621000e-02   3.9635300e-01
   2.4496700e-01   3.7055000e-02   4.0000700e-01
   2.5162000e-01   3.7705000e-02   4.0337800e-01
   2.5823400e-01   3.8571000e-02   4.0648500e-01
   2.6481000e-01   3.9647000e-02   4.0934500e-01
   2.7134700e-01   4.0922000e-02   4.1197600e-01
   2.7785000e-01   4.2353000e-02   4.1439200e-01
   2.8432100e-01   4.3933000e-02   4.1660800e-01
   2.9076300e-01   4.5644000e-02   4.1863700e-01
   2.9717800e-01   4.7470000e-02   4.2049100e-01
   3.0356800e-01   4.9396000e-02   4.2218200e-01
   3.0993500e-01   5.1407000e-02   4.2372100e-01
   3.1628200e-01   5.3490000e-02   4.2511600e-01
   3.2261000e-01   5.5634000e-02   4.2637700e-01
   3.2892100e-01   5.7827000e-02   4.2751100e-01
   3.3521700e-01   6.0060000e-02   4.2852400e-01
   3.4150000e-01   6.2325000e-02   4.2942500e-01
   3.4777100e-01   6.4616000e-02   4.3021700e-01
   3.5403200e-01   6.6925000e-02   4.3090600e-01
   3.6028400e-01   6.9247000e-02   4.3149700e-01
   3.6652900e-01   7.1579000e-02   4.3199400e-01
   3.7276800e-01   7.3915000e-02   4.3240000e-01
   3.7900100e-01   7.6253000e-02   4.3271900e-01
   3.8522800e-01   7.8591000e-02   4.3295500e-01
   3.9145300e-01   8.0927000e-02   4.3310900e-01
   3.9767400e-01   8.3257000e-02   4.3318300e-01
   4.0389400e-01   8.5580000e-02   4.3317900e-01
   4.1011300e-01   8.7896000e-02   4.3309800e-01
   4.1633100e-01   9.0203000e-02   4.3294300e-01
   4.2254900e-01   9.2501000e-02   4.3271400e-01
   4.2876800e-01   9.4790000e-02   4.3241200e-01
   4.3498700e-01   9.7069000e-02   4.3203900e-01
   4.4120700e-01   9.9338000e-02   4.3159400e-01
   4.4742800e-01   1.0159700e-01   4.3108000e-01
   4.5365100e-01   1.0384800e-01   4.3049800e-01
   4.5987500e-01   1.0608900e-01   4.2984600e-01
   4.6610000e-01   1.0832200e-01   4.2912500e-01
   4.7232800e-01   1.1054700e-01   4.2833400e-01
   4.7855800e-01   1.1276400e-01   4.2747500e-01
   4.8478900e-01   1.1497400e-01   4.2654800e-01
   4.9102200e-01   1.1717900e-01   4.2555200e-01
   4.9725700e-01   1.1937900e-01   4.2448800e-01
   5.0349300e-01   1.2157500e-01   4.2335600e-01
   5.0973000e-01   1.2376900e-01   4.2215600e-01
   5.1596700e-01   1.2596000e-01   4.2088700e-01
   5.2220600e-01   1.2815000e-01   4.1954900e-01
   5.2844400e-01   1.3034100e-01   4.1814200e-01
   5.3468300e-01   1.3253400e-01   4.1666700e-01
   5.4092000e-01   1.3472900e-01   4.1512300e-01
   5.4715700e-01   1.3692900e-01   4.1351100e-01
   5.5339200e-01   1.3913400e-01   4.1182900e-01
   5.5962400e-01   1.4134600e-01   4.1007800e-01
   5.6585400e-01   1.4356700e-01   4.0825800e-01
   5.7208100e-01   1.4579700e-01   4.0636900e-01
   5.7830400e-01   1.4803900e-01   4.0441100e-01
   5.8452100e-01   1.5029400e-01   4.0238500e-01
   5.9073400e-01   1.5256300e-01   4.0029000e-01
   5.9694000e-01   1.5484800e-01   3.9812500e-01
   6.0313900e-01   1.5715100e-01   3.9589100e-01
   6.0933000e-01   1.5947400e-01   3.9358900e-01
   6.1551300e-01   1.6181700e-01   3.9121900e-01
   6.2168500e-01   1.6418400e-01   3.8878100e-01
   6.2784700e-01   1.6657500e-01   3.8627600e-01
   6.3399800e-01   1.6899200e-01   3.8370400e-01
   6.4013500e-01   1.7143800e-01   3.8106500e-01
   6.4626000e-01   1.7391400e-01   3.7835900e-01
   6.5236900e-01   1.7642100e-01   3.7558600e-01
   6.5846300e-01   1.7896200e-01   3.7274800e-01
   6.6454000e-01   1.8153900e-01   3.6984600e-01
   6.7059900e-01   1.8415300e-01   3.6687900e-01
   6.7663800e-01   1.8680700e-01   3.6384900e-01
   6.8265600e-01   1.8950100e-01   3.6075700e-01
   6.8865300e-01   1.9223900e-01   3.5760300e-01
   6.9462700e-01   1.9502100e-01   3.5438800e-01
   7.0057600e-01   1.9785100e-01   3.5111300e-01
   7.0650000e-01   2.0072800e-01   3.4777700e-01
   7.1239600e-01   2.0365600e-01   3.4438300e-01
   7.1826400e-01   2.0663600e-01   3.4093100e-01
   7.2410300e-01   2.0967000e-01   3.3742400e-01
   7.2990900e-01   2.1275900e-01   3.3386100e-01
   7.3568300e-01   2.1590600e-01   3.3024500e-01
   7.4142300e-01   2.1911200e-01   3.2657600e-01
   7.4712700e-01   2.2237800e-01   3.2285600e-01
   7.5279400e-01   2.2570600e-01   3.1908500e-01
   7.5842200e-01   2.2909700e-01   3.1526600e-01
   7.6401000e-01   2.3255400e-01   3.1139900e-01
   7.6955600e-01   2.3607700e-01   3.0748500e-01
   7.7505900e-01   2.3966700e-01   3.0352600e-01
   7.8051700e-01   2.4332700e-01   2.9952300e-01
   7.8592900e-01   2.4705600e-01   2.9547700e-01
   7.9129300e-01   2.5085600e-01   2.9139000e-01
   7.9660700e-01   2.5472800e-01   2.8726400e-01
   8.0187100e-01   2.5867400e-01   2.8309900e-01
   8.0708200e-01   2.6269200e-01   2.7889800e-01
   8.1223900e-01   2.6678600e-01   2.7466100e-01
   8.1734100e-01   2.7095400e-01   2.7039000e-01
   8.2238600e-01   2.7519700e-01   2.6608500e-01
   8.2737200e-01   2.7951700e-01   2.6175000e-01
   8.3229900e-01   2.8391300e-01   2.5738300e-01
   8.3716500e-01   2.8838500e-01   2.5298800e-01
   8.4196900e-01   2.9293300e-01   2.4856400e-01
   8.4670900e-01   2.9755900e-01   2.4411300e-01
   8.5138400e-01   3.0226000e-01   2.3963600e-01
   8.5599200e-01   3.0703800e-01   2.3513300e-01
   8.6053300e-01   3.1189200e-01   2.3060600e-01
   8.6500600e-01   3.1682200e-01   2.2605500e-01
   8.6940900e-01   3.2182700e-01   2.2148200e-01
   8.7374100e-01   3.2690600e-01   2.1688600e-01
   8.7800100e-01   3.3206000e-01   2.1226800e-01
   8.8218800e-01   3.3728700e-01   2.0762800e-01
   8.8630200e-01   3.4258600e-01   2.0296800e-01
   8.9034100e-01   3.4795700e-01   1.9828600e-01
   8.9430500e-01   3.5339900e-01   1.9358400e-01
   8.9819200e-01   3.5891100e-01   1.8886000e-01
   9.0200300e-01   3.6449200e-01   1.8411600e-01
   9.0573500e-01   3.7014000e-01   1.7935000e-01
   9.0939000e-01   3.7585600e-01   1.7456300e-01
   9.1296600e-01   3.8163600e-01   1.6975500e-01
   9.1646200e-01   3.8748100e-01   1.6492400e-01
   9.1987900e-01   3.9338900e-01   1.6007000e-01
   9.2321500e-01   3.9935900e-01   1.5519300e-01
   9.2647000e-01   4.0538900e-01   1.5029200e-01
   9.2964400e-01   4.1147900e-01   1.4536700e-01
   9.3273700e-01   4.1762700e-01   1.4041700e-01
   9.3574700e-01   4.2383100e-01   1.3544000e-01
   9.3867500e-01   4.3009100e-01   1.3043800e-01
   9.4152100e-01   4.3640500e-01   1.2540900e-01
   9.4428500e-01   4.4277200e-01   1.2035400e-01
   9.4696500e-01   4.4919100e-01   1.1527200e-01
   9.4956200e-01   4.5566000e-01   1.1016400e-01
   9.5207500e-01   4.6217800e-01   1.0503100e-01
   9.5450600e-01   4.6874400e-01   9.9874000e-02
   9.5685200e-01   4.7535600e-01   9.4695000e-02
   9.5911400e-01   4.8201400e-01   8.9499000e-02
   9.6129300e-01   4.8871600e-01   8.4289000e-02
   9.6338700e-01   4.9546200e-01   7.9073000e-02
   9.6539700e-01   5.0224900e-01   7.3859000e-02
   9.6732200e-01   5.0907800e-01   6.8659000e-02
   9.6916300e-01   5.1594600e-01   6.3488000e-02
   9.7091900e-01   5.2285300e-01   5.8367000e-02
   9.7259000e-01   5.2979800e-01   5.3324000e-02
   9.7417600e-01   5.3678000e-01   4.8392000e-02
   9.7567700e-01   5.4379800e-01   4.3618000e-02
   9.7709200e-01   5.5085000e-01   3.9050000e-02
   9.7842200e-01   5.5793700e-01   3.4931000e-02
   9.7966600e-01   5.6505700e-01   3.1409000e-02
   9.8082400e-01   5.7220900e-01   2.8508000e-02
   9.8189500e-01   5.7939200e-01   2.6250000e-02
   9.8288100e-01   5.8660600e-01   2.4661000e-02
   9.8377900e-01   5.9384900e-01   2.3770000e-02
   9.8459100e-01   6.0112200e-01   2.3606000e-02
   9.8531500e-01   6.0842200e-01   2.4202000e-02
   9.8595200e-01   6.1575000e-01   2.5592000e-02
   9.8650200e-01   6.2310500e-01   2.7814000e-02
   9.8696400e-01   6.3048500e-01   3.0908000e-02
   9.8733700e-01   6.3789000e-01   3.4916000e-02
   9.8762200e-01   6.4532000e-01   3.9886000e-02
   9.8781900e-01   6.5277300e-01   4.5581000e-02
   9.8792600e-01   6.6025000e-01   5.1750000e-02
   9.8794500e-01   6.6774800e-01   5.8329000e-02
   9.8787400e-01   6.7526700e-01   6.5257000e-02
   9.8771400e-01   6.8280700e-01   7.2489000e-02
   9.8746400e-01   6.9036600e-01   7.9990000e-02
   9.8712400e-01   6.9794400e-01   8.7731000e-02
   9.8669400e-01   7.0554000e-01   9.5694000e-02
   9.8617500e-01   7.1315300e-01   1.0386300e-01
   9.8556600e-01   7.2078200e-01   1.1222900e-01
   9.8486500e-01   7.2842700e-01   1.2078500e-01
   9.8407500e-01   7.3608700e-01   1.2952700e-01
   9.8319600e-01   7.4375800e-01   1.3845300e-01
   9.8222800e-01   7.5144200e-01   1.4756500e-01
   9.8117300e-01   7.5913500e-01   1.5686300e-01
   9.8003200e-01   7.6683700e-01   1.6635300e-01
   9.7880600e-01   7.7454500e-01   1.7603700e-01
   9.7749700e-01   7.8225800e-01   1.8592300e-01
   9.7610800e-01   7.8997400e-01   1.9601800e-01
   9.7463800e-01   7.9769200e-01   2.0633200e-01
   9.7308800e-01   8.0540900e-01   2.1687700e-01
   9.7146800e-01   8.1312200e-01   2.2765800e-01
   9.6978300e-01   8.2082500e-01   2.3868600e-01
   9.6804100e-01   8.2851500e-01   2.4997200e-01
   9.6624300e-01   8.3619100e-01   2.6153400e-01
   9.6439400e-01   8.4384800e-01   2.7339100e-01
   9.6251700e-01   8.5147600e-01   2.8554600e-01
   9.6062600e-01   8.5906900e-01   2.9801000e-01
   9.5872000e-01   8.6662400e-01   3.1082000e-01
   9.5683400e-01   8.7412900e-01   3.2397400e-01
   9.5499700e-01   8.8156900e-01   3.3747500e-01
   9.5321500e-01   8.8894200e-01   3.5136900e-01
   9.5154600e-01   8.9622600e-01   3.6562700e-01
   9.5001800e-01   9.0340900e-01   3.8027100e-01
   9.4868300e-01   9.1047300e-01   3.9528900e-01
   9.4759400e-01   9.1739900e-01   4.1066500e-01
   9.4680900e-01   9.2416800e-01   4.2637300e-01
   9.4639200e-01   9.3076100e-01   4.4236700e-01
   9.4640300e-01   9.3715900e-01   4.5859200e-01
   9.4690300e-01   9.4334800e-01   4.7497000e-01
   9.4793700e-01   9.4931800e-01   4.9142600e-01
   9.4954500e-01   9.5506300e-01   5.0786000e-01
   9.5174000e-01   9.6058700e-01   5.2420300e-01
   9.5452900e-01   9.6589600e-01   5.4036100e-01
   9.5789600e-01   9.7100300e-01   5.5627500e-01
   9.6181200e-01   9.7592400e-01   5.7192500e-01
   9.6624900e-01   9.8067800e-01   5.8720600e-01
   9.7116200e-01   9.8528200e-01   6.0215400e-01
   9.7651100e-01   9.8975300e-01   6.1676000e-01
   9.8225700e-01   9.9410900e-01   6.3101700e-01
   9.8836200e-01   9.9836400e-01   6.4492400e-01
