   0.0000000e+00   0.0000000e+00   5.0000000e-01
   0.0000000e+00   0.0000000e+00   5.1782531e-01
   0.0000000e+00   0.0000000e+00   5.3565062e-01
   0.0000000e+00   0.0000000e+00   5.5347594e-01
   0.0000000e+00   0.0000000e+00   5.7130125e-01
   0.0000000e+00   0.0000000e+00   5.8912656e-01
   0.0000000e+00   0.0000000e+00   6.0695187e-01
   0.0000000e+00   0.0000000e+00   6.2477718e-01
   0.0000000e+00   0.0000000e+00   6.4260250e-01
   0.0000000e+00   0.0000000e+00   6.6042781e-01
   0.0000000e+00   0.0000000e+00   6.7825312e-01
   0.0000000e+00   0.0000000e+00   6.9607843e-01
   0.0000000e+00   0.0000000e+00   7.1390374e-01
   0.0000000e+00   0.0000000e+00   7.3172906e-01
   0.0000000e+00   0.0000000e+00   7.4955437e-01
   0.0000000e+00   0.0000000e+00   7.6737968e-01
   0.0000000e+00   0.0000000e+00   7.8520499e-01
   0.0000000e+00   0.0000000e+00   8.0303030e-01
   0.0000000e+00   0.0000000e+00   8.2085561e-01
   0.0000000e+00   0.0000000e+00   8.3868093e-01
   0.0000000e+00   0.0000000e+00   8.5650624e-01
   0.0000000e+00   0.0000000e+00   8.7433155e-01
   0.0000000e+00   0.0000000e+00   8.9215686e-01
   0.0000000e+00   0.0000000e+00   9.0998217e-01
   0.0000000e+00   0.0000000e+00   9.2780749e-01
   0.0000000e+00   0.0000000e+00   9.4563280e-01
   0.0000000e+00   0.0000000e+00   9.6345811e-01
   0.0000000e+00   0.0000000e+00   9.8128342e-01
   0.0000000e+00   0.0000000e+00   9.9910873e-01
   0.0000000e+00   0.0000000e+00   1.0000000e+00
   0.0000000e+00   0.0000000e+00   1.0000000e+00
   0.0000000e+00   0.0000000e+00   1.0000000e+00
   0.0000000e+00   1.9607843e-03   1.0000000e+00
   0.0000000e+00   1.7647059e-02   1.0000000e+00
   0.0000000e+00   3.3333333e-02   1.0000000e+00
   0.0000000e+00   4.9019608e-02   1.0000000e+00
   0.0000000e+00   6.4705882e-02   1.0000000e+00
   0.0000000e+00   8.0392157e-02   1.0000000e+00
   0.0000000e+00   9.6078431e-02   1.0000000e+00
   0.0000000e+00   1.1176471e-01   1.0000000e+00
   0.0000000e+00   1.2745098e-01   1.0000000e+00
   0.0000000e+00   1.4313725e-01   1.0000000e+00
   0.0000000e+00   1.5882353e-01   1.0000000e+00
   0.0000000e+00   1.7450980e-01   1.0000000e+00
   0.0000000e+00   1.9019608e-01   1.0000000e+00
   0.0000000e+00   2.0588235e-01   1.0000000e+00
   0.0000000e+00   2.2156863e-01   1.0000000e+00
   0.0000000e+00   2.3725490e-01   1.0000000e+00
   0.0000000e+00   2.5294118e-01   1.0000000e+00
   0.0000000e+00   2.6862745e-01   1.0000000e+00
   0.0000000e+00   2.8431373e-01   1.0000000e+00
   0.0000000e+00   3.0000000e-01   1.0000000e+00
   0.0000000e+00   3.1568627e-01   1.0000000e+00
   0.0000000e+00   3.3137255e-01   1.0000000e+00
   0.0000000e+00   3.4705882e-01   1.0000000e+00
   0.0000000e+00   3.6274510e-01   1.0000000e+00
   0.0000000e+00   3.7843137e-01   1.0000000e+00
   0.0000000e+00   3.9411765e-01   1.0000000e+00
   0.0000000e+00   4.0980392e-01   1.0000000e+00
   0.0000000e+00   4.2549020e-01   1.0000000e+00
   0.0000000e+00   4.4117647e-01   1.0000000e+00
   0.0000000e+00   4.5686275e-01   1.0000000e+00
   0.0000000e+00   4.7254902e-01   1.0000000e+00
   0.0000000e+00   4.8823529e-01   1.0000000e+00
   0.0000000e+00   5.0392157e-01   1.0000000e+00
   0.0000000e+00   5.1960784e-01   1.0000000e+00
   0.0000000e+00   5.3529412e-01   1.0000000e+00
   0.0000000e+00   5.5098039e-01   1.0000000e+00
   0.0000000e+00   5.6666667e-01   1.0000000e+00
   0.0000000e+00   5.8235294e-01   1.0000000e+00
   0.0000000e+00   5.9803922e-01   1.0000000e+00
   0.0000000e+00   6.1372549e-01   1.0000000e+00
   0.0000000e+00   6.2941176e-01   1.0000000e+00
   0.0000000e+00   6.4509804e-01   1.0000000e+00
   0.0000000e+00   6.6078431e-01   1.0000000e+00
   0.0000000e+00   6.7647059e-01   1.0000000e+00
   0.0000000e+00   6.9215686e-01   1.0000000e+00
   0.0000000e+00   7.0784314e-01   1.0000000e+00
   0.0000000e+00   7.2352941e-01   1.0000000e+00
   0.0000000e+00   7.3921569e-01   1.0000000e+00
   0.0000000e+00   7.5490196e-01   1.0000000e+00
   0.0000000e+00   7.7058824e-01   1.0000000e+00
   0.0000000e+00   7.8627451e-01   1.0000000e+00
   0.0000000e+00   8.0196078e-01   1.0000000e+00
   0.0000000e+00   8.1764706e-01   1.0000000e+00
   0.0000000e+00   8.3333333e-01   1.0000000e+00
   0.0000000e+00   8.4901961e-01   1.0000000e+00
   0.0000000e+00   8.6470588e-01   9.9620493e-01
   0.0000000e+00   8.8039216e-01   9.8355471e-01
   0.0000000e+00   8.9607843e-01   9.7090449e-01
   9.4876660e-03   9.1176471e-01   9.5825427e-01
   2.2137887e-02   9.2745098e-01   9.4560405e-01
   3.4788109e-02   9.4313725e-01   9.3295383e-01
   4.7438330e-02   9.5882353e-01   9.2030361e-01
   6.0088552e-02   9.7450980e-01   9.0765338e-01
   7.2738773e-02   9.9019608e-01   8.9500316e-01
   8.5388994e-02   1.0000000e+00   8.8235294e-01
   9.8039216e-02   1.0000000e+00   8.6970272e-01
   1.1068944e-01   1.0000000e+00   8.5705250e-01
   1.2333966e-01   1.0000000e+00   8.4440228e-01
   1.3598988e-01   1.0000000e+00   8.3175206e-01
   1.4864010e-01   1.0000000e+00   8.1910183e-01
   1.6129032e-01   1.0000000e+00   8.0645161e-01
   1.7394054e-01   1.0000000e+00   7.9380139e-01
   1.8659077e-01   1.0000000e+00   7.8115117e-01
   1.9924099e-01   1.0000000e+00   7.6850095e-01
   2.1189121e-01   1.0000000e+00   7.5585073e-01
   2.2454143e-01   1.0000000e+00   7.4320051e-01
   2.3719165e-01   1.0000000e+00   7.3055028e-01
   2.4984187e-01   1.0000000e+00   7.1790006e-01
   2.6249209e-01   1.0000000e+00   7.0524984e-01
   2.7514231e-01   1.0000000e+00   6.9259962e-01
   2.8779254e-01   1.0000000e+00   6.7994940e-01
   3.0044276e-01   1.0000000e+00   6.6729918e-01
   3.1309298e-01   1.0000000e+00   6.5464896e-01
   3.2574320e-01   1.0000000e+00   6.4199873e-01
   3.3839342e-01   1.0000000e+00   6.2934851e-01
   3.5104364e-01   1.0000000e+00   6.1669829e-01
   3.6369386e-01   1.0000000e+00   6.0404807e-01
   3.7634409e-01   1.0000000e+00   5.9139785e-01
   3.8899431e-01   1.0000000e+00   5.7874763e-01
   4.0164453e-01   1.0000000e+00   5.6609741e-01
   4.1429475e-01   1.0000000e+00   5.5344719e-01
   4.2694497e-01   1.0000000e+00   5.4079696e-01
   4.3959519e-01   1.0000000e+00   5.2814674e-01
   4.5224541e-01   1.0000000e+00   5.1549652e-01
   4.6489564e-01   1.0000000e+00   5.0284630e-01
   4.7754586e-01   1.0000000e+00   4.9019608e-01
   4.9019608e-01   1.0000000e+00   4.7754586e-01
   5.0284630e-01   1.0000000e+00   4.6489564e-01
   5.1549652e-01   1.0000000e+00   4.5224541e-01
   5.2814674e-01   1.0000000e+00   4.3959519e-01
   5.4079696e-01   1.0000000e+00   4.2694497e-01
   5.5344719e-01   1.0000000e+00   4.1429475e-01
   5.6609741e-01   1.0000000e+00   4.0164453e-01
   5.7874763e-01   1.0000000e+00   3.8899431e-01
   5.9139785e-01   1.0000000e+00   3.7634409e-01
   6.0404807e-01   1.0000000e+00   3.6369386e-01
   6.1669829e-01   1.0000000e+00   3.5104364e-01
   6.2934851e-01   1.0000000e+00   3.3839342e-01
   6.4199873e-01   1.0000000e+00   3.2574320e-01
   6.5464896e-01   1.0000000e+00   3.1309298e-01
   6.6729918e-01   1.0000000e+00   3.0044276e-01
   6.7994940e-01   1.0000000e+00   2.8779254e-01
   6.9259962e-01   1.0000000e+00   2.7514231e-01
   7.0524984e-01   1.0000000e+00   2.6249209e-01
   7.1790006e-01   1.0000000e+00   2.4984187e-01
   7.3055028e-01   1.0000000e+00   2.3719165e-01
   7.4320051e-01   1.0000000e+00   2.2454143e-01
   7.5585073e-01   1.0000000e+00   2.1189121e-01
   7.6850095e-01   1.0000000e+00   1.9924099e-01
   7.8115117e-01   1.0000000e+00   1.8659077e-01
   7.9380139e-01   1.0000000e+00   1.7394054e-01
   8.0645161e-01   1.0000000e+00   1.6129032e-01
   8.1910183e-01   1.0000000e+00   1.4864010e-01
   8.3175206e-01   1.0000000e+00   1.3598988e-01
   8.4440228e-01   1.0000000e+00   1.2333966e-01
   8.5705250e-01   1.0000000e+00   1.1068944e-01
   8.6970272e-01   1.0000000e+00   9.8039216e-02
   8.8235294e-01   1.0000000e+00   8.5388994e-02
   8.9500316e-01   1.0000000e+00   7.2738773e-02
   9.0765338e-01   1.0000000e+00   6.0088552e-02
   9.2030361e-01   1.0000000e+00   4.7438330e-02
   9.3295383e-01   1.0000000e+00   3.4788109e-02
   9.4560405e-01   9.8838054e-01   2.2137887e-02
   9.5825427e-01   9.7385621e-01   9.4876660e-03
   9.7090449e-01   9.5933188e-01   0.0000000e+00
   9.8355471e-01   9.4480755e-01   0.0000000e+00
   9.9620493e-01   9.3028322e-01   0.0000000e+00
   1.0000000e+00   9.1575890e-01   0.0000000e+00
   1.0000000e+00   9.0123457e-01   0.0000000e+00
   1.0000000e+00   8.8671024e-01   0.0000000e+00
   1.0000000e+00   8.7218591e-01   0.0000000e+00
   1.0000000e+00   8.5766158e-01   0.0000000e+00
   1.0000000e+00   8.4313725e-01   0.0000000e+00
   1.0000000e+00   8.2861293e-01   0.0000000e+00
   1.0000000e+00   8.1408860e-01   0.0000000e+00
   1.0000000e+00   7.9956427e-01   0.0000000e+00
   1.0000000e+00   7.8503994e-01   0.0000000e+00
   1.0000000e+00   7.7051561e-01   0.0000000e+00
   1.0000000e+00   7.5599129e-01   0.0000000e+00
   1.0000000e+00   7.4146696e-01   0.0000000e+00
   1.0000000e+00   7.2694263e-01   0.0000000e+00
   1.0000000e+00   7.1241830e-01   0.0000000e+00
   1.0000000e+00   6.9789397e-01   0.0000000e+00
   1.0000000e+00   6.8336964e-01   0.0000000e+00
   1.0000000e+00   6.6884532e-01   0.0000000e+00
   1.0000000e+00   6.5432099e-01   0.0000000e+00
   1.0000000e+00   6.3979666e-01   0.0000000e+00
   1.0000000e+00   6.2527233e-01   0.0000000e+00
   1.0000000e+00   6.1074800e-01   0.0000000e+00
   1.0000000e+00   5.9622367e-01   0.0000000e+00
   1.0000000e+00   5.8169935e-01   0.0000000e+00
   1.0000000e+00   5.6717502e-01   0.0000000e+00
   1.0000000e+00   5.5265069e-01   0.0000000e+00
   1.0000000e+00   5.3812636e-01   0.0000000e+00
   1.0000000e+00   5.2360203e-01   0.0000000e+00
   1.0000000e+00   5.0907771e-01   0.0000000e+00
   1.0000000e+00   4.9455338e-01   0.0000000e+00
   1.0000000e+00   4.8002905e-01   0.0000000e+00
   1.0000000e+00   4.6550472e-01   0.0000000e+00
   1.0000000e+00   4.5098039e-01   0.0000000e+00
   1.0000000e+00   4.3645606e-01   0.0000000e+00
   1.0000000e+00   4.2193174e-01   0.0000000e+00
   1.0000000e+00   4.0740741e-01   0.0000000e+00
   1.0000000e+00   3.9288308e-01   0.0000000e+00
   1.0000000e+00   3.7835875e-01   0.0000000e+00
   1.0000000e+00   3.6383442e-01   0.0000000e+00
   1.0000000e+00   3.4931009e-01   0.0000000e+00
   1.0000000e+00   3.3478577e-01   0.0000000e+00
   1.0000000e+00   3.2026144e-01   0.0000000e+00
   1.0000000e+00   3.0573711e-01   0.0000000e+00
   1.0000000e+00   2.9121278e-01   0.0000000e+00
   1.0000000e+00   2.7668845e-01   0.0000000e+00
   1.0000000e+00   2.6216412e-01   0.0000000e+00
   1.0000000e+00   2.4763980e-01   0.0000000e+00
   1.0000000e+00   2.3311547e-01   0.0000000e+00
   1.0000000e+00   2.1859114e-01   0.0000000e+00
   1.0000000e+00   2.0406681e-01   0.0000000e+00
   1.0000000e+00   1.8954248e-01   0.0000000e+00
   1.0000000e+00   1.7501816e-01   0.0000000e+00
   1.0000000e+00   1.6049383e-01   0.0000000e+00
   1.0000000e+00   1.4596950e-01   0.0000000e+00
   1.0000000e+00   1.3144517e-01   0.0000000e+00
   1.0000000e+00   1.1692084e-01   0.0000000e+00
   1.0000000e+00   1.0239651e-01   0.0000000e+00
   1.0000000e+00   8.7872186e-02   0.0000000e+00
   9.9910873e-01   7.3347858e-02   0.0000000e+00
   9.8128342e-01   5.8823529e-02   0.0000000e+00
   9.6345811e-01   4.4299201e-02   0.0000000e+00
   9.4563280e-01   2.9774873e-02   0.0000000e+00
   9.2780749e-01   1.5250545e-02   0.0000000e+00
   9.0998217e-01   7.2621641e-04   0.0000000e+00
   8.9215686e-01   0.0000000e+00   0.0000000e+00
   8.7433155e-01   0.0000000e+00   0.0000000e+00
   8.5650624e-01   0.0000000e+00   0.0000000e+00
   8.3868093e-01   0.0000000e+00   0.0000000e+00
   8.2085561e-01   0.0000000e+00   0.0000000e+00
   8.0303030e-01   0.0000000e+00   0.0000000e+00
   7.8520499e-01   0.0000000e+00   0.0000000e+00
   7.6737968e-01   0.0000000e+00   0.0000000e+00
   7.4955437e-01   0.0000000e+00   0.0000000e+00
   7.3172906e-01   0.0000000e+00   0.0000000e+00
   7.1390374e-01   0.0000000e+00   0.0000000e+00
   6.9607843e-01   0.0000000e+00   0.0000000e+00
   6.7825312e-01   0.0000000e+00   0.0000000e+00
   6.6042781e-01   0.0000000e+00   0.0000000e+00
   6.4260250e-01   0.0000000e+00   0.0000000e+00
   6.2477718e-01   0.0000000e+00   0.0000000e+00
   6.0695187e-01   0.0000000e+00   0.0000000e+00
   5.8912656e-01   0.0000000e+00   0.0000000e+00
   5.7130125e-01   0.0000000e+00   0.0000000e+00
   5.5347594e-01   0.0000000e+00   0.0000000e+00
   5.3565062e-01   0.0000000e+00   0.0000000e+00
   5.1782531e-01   0.0000000e+00   0.0000000e+00
   5.0000000e-01   0.0000000e+00   0.0000000e+00
