   1.4620000e-03   4.6600000e-04   1.3866000e-02
   2.2580000e-03   1.2950000e-03   1.8331000e-02
   3.2790000e-03   2.3050000e-03   2.3708000e-02
   4.5120000e-03   3.4900000e-03   2.9965000e-02
   5.9500000e-03   4.8430000e-03   3.7130000e-02
   7.5880000e-03   6.3560000e-03   4.4973000e-02
   9.4260000e-03   8.0220000e-03   5.2844000e-02
   1.1465000e-02   9.8280000e-03   6.0750000e-02
   1.3708000e-02   1.1771000e-02   6.8667000e-02
   1.6156000e-02   1.3840000e-02   7.6603000e-02
   1.8815000e-02   1.6026000e-02   8.4584000e-02
   2.1692000e-02   1.8320000e-02   9.2610000e-02
   2.4792000e-02   2.0715000e-02   1.0067600e-01
   2.8123000e-02   2.3201000e-02   1.0878700e-01
   3.1696000e-02   2.5765000e-02   1.1696500e-01
   3.5520000e-02   2.8397000e-02   1.2520900e-01
   3.9608000e-02   3.1090000e-02   1.3351500e-01
   4.3830000e-02   3.3830000e-02   1.4188600e-01
   4.8062000e-02   3.6607000e-02   1.5032700e-01
   5.2320000e-02   3.9407000e-02   1.5884100e-01
   5.6615000e-02   4.2160000e-02   1.6744600e-01
   6.0949000e-02   4.4794000e-02   1.7612900e-01
   6.5330000e-02   4.7318000e-02   1.8489200e-01
   6.9764000e-02   4.9726000e-02   1.9373500e-01
   7.4257000e-02   5.2017000e-02   2.0266000e-01
   7.8815000e-02   5.4184000e-02   2.1166700e-01
   8.3446000e-02   5.6225000e-02   2.2075500e-01
   8.8155000e-02   5.8133000e-02   2.2992200e-01
   9.2949000e-02   5.9904000e-02   2.3916400e-01
   9.7833000e-02   6.1531000e-02   2.4847700e-01
   1.0281500e-01   6.3010000e-02   2.5785400e-01
   1.0789900e-01   6.4335000e-02   2.6728900e-01
   1.1309400e-01   6.5492000e-02   2.7678400e-01
   1.1840500e-01   6.6479000e-02   2.8632100e-01
   1.2383300e-01   6.7295000e-02   2.9587900e-01
   1.2938000e-01   6.7935000e-02   3.0544300e-01
   1.3505300e-01   6.8391000e-02   3.1500000e-01
   1.4085800e-01   6.8654000e-02   3.2453800e-01
   1.4678500e-01   6.8738000e-02   3.3401100e-01
   1.5283900e-01   6.8637000e-02   3.4340400e-01
   1.5901800e-01   6.8354000e-02   3.5268800e-01
   1.6530800e-01   6.7911000e-02   3.6181600e-01
   1.7171300e-01   6.7305000e-02   3.7077100e-01
   1.7821200e-01   6.6576000e-02   3.7949700e-01
   1.8480100e-01   6.5732000e-02   3.8797300e-01
   1.9146000e-01   6.4818000e-02   3.9615200e-01
   1.9817700e-01   6.3862000e-02   4.0400900e-01
   2.0493500e-01   6.2907000e-02   4.1151400e-01
   2.1171800e-01   6.1992000e-02   4.1864700e-01
   2.1851200e-01   6.1158000e-02   4.2539200e-01
   2.2530200e-01   6.0445000e-02   4.3174200e-01
   2.3207700e-01   5.9889000e-02   4.3769500e-01
   2.3882600e-01   5.9517000e-02   4.4325600e-01
   2.4554300e-01   5.9352000e-02   4.4843600e-01
   2.5222000e-01   5.9415000e-02   4.5324800e-01
   2.5885700e-01   5.9706000e-02   4.5771000e-01
   2.6544700e-01   6.0237000e-02   4.6184000e-01
   2.7199400e-01   6.0994000e-02   4.6566000e-01
   2.7849300e-01   6.1978000e-02   4.6919000e-01
   2.8495100e-01   6.3168000e-02   4.7245100e-01
   2.9136600e-01   6.4553000e-02   4.7546200e-01
   2.9774000e-01   6.6117000e-02   4.7824300e-01
   3.0408100e-01   6.7835000e-02   4.8081200e-01
   3.1038200e-01   6.9702000e-02   4.8318600e-01
   3.1665400e-01   7.1690000e-02   4.8538000e-01
   3.2289900e-01   7.3782000e-02   4.8740800e-01
   3.2911400e-01   7.5972000e-02   4.8928700e-01
   3.3530800e-01   7.8236000e-02   4.9102400e-01
   3.4148200e-01   8.0564000e-02   4.9263100e-01
   3.4763600e-01   8.2946000e-02   4.9412100e-01
   3.5377300e-01   8.5373000e-02   4.9550100e-01
   3.5989800e-01   8.7831000e-02   4.9677800e-01
   3.6601200e-01   9.0314000e-02   4.9796000e-01
   3.7211600e-01   9.2816000e-02   4.9905300e-01
   3.7821100e-01   9.5332000e-02   5.0006700e-01
   3.8429900e-01   9.7855000e-02   5.0100200e-01
   3.9038400e-01   1.0037900e-01   5.0186400e-01
   3.9646700e-01   1.0290200e-01   5.0265800e-01
   4.0254800e-01   1.0542000e-01   5.0338600e-01
   4.0862900e-01   1.0793000e-01   5.0405200e-01
   4.1470900e-01   1.1043100e-01   5.0466200e-01
   4.2079100e-01   1.1292000e-01   5.0521500e-01
   4.2687700e-01   1.1539500e-01   5.0571400e-01
   4.3296700e-01   1.1785500e-01   5.0616000e-01
   4.3906200e-01   1.2029800e-01   5.0655500e-01
   4.4516300e-01   1.2272400e-01   5.0690100e-01
   4.5127100e-01   1.2513200e-01   5.0719800e-01
   4.5738600e-01   1.2752200e-01   5.0744800e-01
   4.6350800e-01   1.2989300e-01   5.0765200e-01
   4.6964000e-01   1.3224500e-01   5.0780900e-01
   4.7578000e-01   1.3457700e-01   5.0792100e-01
   4.8192900e-01   1.3689100e-01   5.0798900e-01
   4.8808800e-01   1.3918600e-01   5.0801100e-01
   4.9425800e-01   1.4146200e-01   5.0798800e-01
   5.0043800e-01   1.4371900e-01   5.0792000e-01
   5.0662900e-01   1.4595800e-01   5.0780600e-01
   5.1283100e-01   1.4817900e-01   5.0764800e-01
   5.1904500e-01   1.5038300e-01   5.0744300e-01
   5.2527000e-01   1.5256900e-01   5.0719200e-01
   5.3150700e-01   1.5473900e-01   5.0689500e-01
   5.3775500e-01   1.5689400e-01   5.0655100e-01
   5.4401500e-01   1.5903300e-01   5.0615900e-01
   5.5028700e-01   1.6115800e-01   5.0571900e-01
   5.5657100e-01   1.6326900e-01   5.0523000e-01
   5.6286600e-01   1.6536800e-01   5.0469200e-01
   5.6917200e-01   1.6745400e-01   5.0410500e-01
   5.7549000e-01   1.6953000e-01   5.0346600e-01
   5.8181900e-01   1.7159600e-01   5.0277700e-01
   5.8815800e-01   1.7365200e-01   5.0203500e-01
   5.9450800e-01   1.7570100e-01   5.0124100e-01
   6.0086800e-01   1.7774300e-01   5.0039400e-01
   6.0723800e-01   1.7977900e-01   4.9949200e-01
   6.1361700e-01   1.8181100e-01   4.9853600e-01
   6.2000500e-01   1.8384000e-01   4.9752400e-01
   6.2640100e-01   1.8586700e-01   4.9645600e-01
   6.3280500e-01   1.8789300e-01   4.9533200e-01
   6.3921600e-01   1.8992100e-01   4.9415000e-01
   6.4563300e-01   1.9195200e-01   4.9291000e-01
   6.5205600e-01   1.9398600e-01   4.9161100e-01
   6.5848300e-01   1.9602700e-01   4.9025300e-01
   6.6491500e-01   1.9807500e-01   4.8883600e-01
   6.7134900e-01   2.0013300e-01   4.8735800e-01
   6.7778600e-01   2.0220300e-01   4.8581900e-01
   6.8422400e-01   2.0428600e-01   4.8421900e-01
   6.9066100e-01   2.0638400e-01   4.8255800e-01
   6.9709800e-01   2.0850100e-01   4.8083500e-01
   7.0353200e-01   2.1063800e-01   4.7904900e-01
   7.0996200e-01   2.1279700e-01   4.7720100e-01
   7.1638700e-01   2.1498200e-01   4.7529000e-01
   7.2280500e-01   2.1719400e-01   4.7331600e-01
   7.2921600e-01   2.1943700e-01   4.7127900e-01
   7.3561600e-01   2.2171300e-01   4.6918000e-01
   7.4200400e-01   2.2402500e-01   4.6701800e-01
   7.4837800e-01   2.2637700e-01   4.6479400e-01
   7.5473700e-01   2.2877200e-01   4.6250900e-01
   7.6107700e-01   2.3121400e-01   4.6016200e-01
   7.6739800e-01   2.3370500e-01   4.5775500e-01
   7.7369500e-01   2.3624900e-01   4.5528900e-01
   7.7996800e-01   2.3885100e-01   4.5276500e-01
   7.8621200e-01   2.4151400e-01   4.5018400e-01
   7.9242700e-01   2.4424200e-01   4.4754300e-01
   7.9860800e-01   2.4704000e-01   4.4484800e-01
   8.0475200e-01   2.4991100e-01   4.4210200e-01
   8.1085500e-01   2.5286100e-01   4.3930500e-01
   8.1691400e-01   2.5589500e-01   4.3646100e-01
   8.2292600e-01   2.5901600e-01   4.3357300e-01
   8.2888600e-01   2.6222900e-01   4.3064400e-01
   8.3479100e-01   2.6554000e-01   4.2767100e-01
   8.4063600e-01   2.6895300e-01   4.2466600e-01
   8.4641600e-01   2.7247300e-01   4.2163100e-01
   8.5212600e-01   2.7610600e-01   4.1857300e-01
   8.5776300e-01   2.7985700e-01   4.1549600e-01
   8.6332000e-01   2.8372900e-01   4.1240300e-01
   8.6879300e-01   2.8772800e-01   4.0930300e-01
   8.7417600e-01   2.9185900e-01   4.0620500e-01
   8.7946400e-01   2.9612500e-01   4.0311800e-01
   8.8465100e-01   3.0053000e-01   4.0004700e-01
   8.8973100e-01   3.0507900e-01   3.9700200e-01
   8.9470000e-01   3.0977300e-01   3.9399500e-01
   8.9955200e-01   3.1461600e-01   3.9103700e-01
   9.0428100e-01   3.1961000e-01   3.8813700e-01
   9.0888400e-01   3.2475500e-01   3.8530800e-01
   9.1335400e-01   3.3005200e-01   3.8256300e-01
   9.1768900e-01   3.3550000e-01   3.7991500e-01
   9.2188400e-01   3.4109800e-01   3.7737600e-01
   9.2593700e-01   3.4684400e-01   3.7495900e-01
   9.2984500e-01   3.5273400e-01   3.7267700e-01
   9.3360600e-01   3.5876400e-01   3.7054100e-01
   9.3722100e-01   3.6492900e-01   3.6856700e-01
   9.4068700e-01   3.7122400e-01   3.6676200e-01
   9.4400600e-01   3.7764300e-01   3.6513600e-01
   9.4718000e-01   3.8417800e-01   3.6370100e-01
   9.5021000e-01   3.9082000e-01   3.6246800e-01
   9.5309900e-01   3.9756300e-01   3.6143800e-01
   9.5584900e-01   4.0440000e-01   3.6061900e-01
   9.5846400e-01   4.1132400e-01   3.6001400e-01
   9.6094900e-01   4.1832300e-01   3.5963000e-01
   9.6331000e-01   4.2539000e-01   3.5946900e-01
   9.6554900e-01   4.3251900e-01   3.5952900e-01
   9.6767100e-01   4.3970300e-01   3.5981000e-01
   9.6968000e-01   4.4693600e-01   3.6031100e-01
   9.7158200e-01   4.5421000e-01   3.6103000e-01
   9.7338100e-01   4.6152000e-01   3.6196500e-01
   9.7508200e-01   4.6886100e-01   3.6311100e-01
   9.7669000e-01   4.7622600e-01   3.6446600e-01
   9.7821000e-01   4.8361200e-01   3.6602500e-01
   9.7964500e-01   4.9101400e-01   3.6778300e-01
   9.8100000e-01   4.9842800e-01   3.6973400e-01
   9.8227900e-01   5.0585100e-01   3.7187400e-01
   9.8348500e-01   5.1328000e-01   3.7419800e-01
   9.8462200e-01   5.2071300e-01   3.7669800e-01
   9.8569300e-01   5.2814800e-01   3.7937100e-01
   9.8670000e-01   5.3558200e-01   3.8221000e-01
   9.8764600e-01   5.4301500e-01   3.8521000e-01
   9.8853300e-01   5.5044600e-01   3.8836500e-01
   9.8936300e-01   5.5787300e-01   3.9167100e-01
   9.9013800e-01   5.6529600e-01   3.9512200e-01
   9.9087100e-01   5.7270600e-01   3.9871400e-01
   9.9155800e-01   5.8010700e-01   4.0244100e-01
   9.9219600e-01   5.8750200e-01   4.0629900e-01
   9.9278500e-01   5.9489100e-01   4.1028300e-01
   9.9332600e-01   6.0227500e-01   4.1439000e-01
   9.9383400e-01   6.0964400e-01   4.1861300e-01
   9.9430900e-01   6.1699900e-01   4.2295000e-01
   9.9473800e-01   6.2435000e-01   4.2739700e-01
   9.9512200e-01   6.3169600e-01   4.3195100e-01
   9.9548000e-01   6.3902700e-01   4.3660700e-01
   9.9581000e-01   6.4634400e-01   4.4136100e-01
   9.9609600e-01   6.5365900e-01   4.4621300e-01
   9.9634100e-01   6.6096900e-01   4.5116000e-01
   9.9658000e-01   6.6825600e-01   4.5619200e-01
   9.9677500e-01   6.7554100e-01   4.6131400e-01
   9.9692500e-01   6.8282800e-01   4.6652600e-01
   9.9707700e-01   6.9008800e-01   4.7181100e-01
   9.9718600e-01   6.9734900e-01   4.7718200e-01
   9.9725400e-01   7.0461100e-01   4.8263500e-01
   9.9732500e-01   7.1184800e-01   4.8815400e-01
   9.9735100e-01   7.1908900e-01   4.9375500e-01
   9.9735100e-01   7.2632400e-01   4.9942800e-01
   9.9734100e-01   7.3354500e-01   5.0516700e-01
   9.9728500e-01   7.4077200e-01   5.1098300e-01
   9.9722800e-01   7.4798100e-01   5.1685900e-01
   9.9713800e-01   7.5519000e-01   5.2280600e-01
   9.9701900e-01   7.6239800e-01   5.2882100e-01
   9.9689800e-01   7.6959100e-01   5.3489200e-01
   9.9672700e-01   7.7679500e-01   5.4103900e-01
   9.9657100e-01   7.8397700e-01   5.4723300e-01
   9.9636900e-01   7.9116700e-01   5.5349900e-01
   9.9616200e-01   7.9834800e-01   5.5982000e-01
   9.9593200e-01   8.0552700e-01   5.6620200e-01
   9.9568000e-01   8.1270600e-01   5.7264500e-01
   9.9542400e-01   8.1987500e-01   5.7914000e-01
   9.9513100e-01   8.2705200e-01   5.8570100e-01
   9.9485100e-01   8.3421300e-01   5.9230700e-01
   9.9452400e-01   8.4138700e-01   5.9898300e-01
   9.9422200e-01   8.4854000e-01   6.0569600e-01
   9.9386600e-01   8.5571100e-01   6.1248200e-01
   9.9354500e-01   8.6285900e-01   6.1929900e-01
   9.9317000e-01   8.7002400e-01   6.2618900e-01
   9.9283100e-01   8.7716800e-01   6.3310900e-01
   9.9244000e-01   8.8433000e-01   6.4009900e-01
   9.9208900e-01   8.9147000e-01   6.4711600e-01
   9.9168800e-01   8.9862700e-01   6.5420200e-01
   9.9133200e-01   9.0576300e-01   6.6130900e-01
   9.9093000e-01   9.1291500e-01   6.6848100e-01
   9.9057000e-01   9.2004900e-01   6.7567500e-01
   9.9017500e-01   9.2719600e-01   6.8292600e-01
   9.8981500e-01   9.3432900e-01   6.9019800e-01
   9.8943400e-01   9.4147000e-01   6.9751900e-01
   9.8907700e-01   9.4860400e-01   7.0486300e-01
   9.8871700e-01   9.5574200e-01   7.1224200e-01
   9.8836700e-01   9.6287800e-01   7.1964900e-01
   9.8803300e-01   9.7001200e-01   7.2707700e-01
   9.8769100e-01   9.7715400e-01   7.3453600e-01
   9.8738700e-01   9.8428800e-01   7.4200200e-01
   9.8705300e-01   9.9143800e-01   7.4950400e-01
