   0.0000000e+00   0.0000000e+00   0.0000000e+00
   3.6603922e-02   0.0000000e+00   4.1827451e-02
   7.3207843e-02   0.0000000e+00   8.3654902e-02
   1.0981176e-01   0.0000000e+00   1.2548235e-01
   1.4641569e-01   0.0000000e+00   1.6730980e-01
   1.8301961e-01   0.0000000e+00   2.0913725e-01
   2.1962353e-01   0.0000000e+00   2.5096471e-01
   2.5622745e-01   0.0000000e+00   2.9279216e-01
   2.9283137e-01   0.0000000e+00   3.3461961e-01
   3.2943529e-01   0.0000000e+00   3.7644706e-01
   3.6603922e-01   0.0000000e+00   4.1827451e-01
   4.0264314e-01   0.0000000e+00   4.6010196e-01
   4.3924706e-01   0.0000000e+00   5.0192941e-01
   4.6800588e-01   0.0000000e+00   5.3460784e-01
   4.7322941e-01   0.0000000e+00   5.3983922e-01
   4.7845294e-01   0.0000000e+00   5.4507059e-01
   4.8367647e-01   0.0000000e+00   5.5030196e-01
   4.8890000e-01   0.0000000e+00   5.5553333e-01
   4.9412353e-01   0.0000000e+00   5.6076471e-01
   4.9934706e-01   0.0000000e+00   5.6599608e-01
   5.0457059e-01   0.0000000e+00   5.7122745e-01
   5.0979412e-01   0.0000000e+00   5.7645882e-01
   5.1501765e-01   0.0000000e+00   5.8169020e-01
   5.2024118e-01   0.0000000e+00   5.8692157e-01
   5.2546471e-01   0.0000000e+00   5.9215294e-01
   5.3068824e-01   0.0000000e+00   5.9738431e-01
   5.1238627e-01   0.0000000e+00   6.0261569e-01
   4.7055882e-01   0.0000000e+00   6.0784706e-01
   4.2873137e-01   0.0000000e+00   6.1307843e-01
   3.8690392e-01   0.0000000e+00   6.1830980e-01
   3.4507647e-01   0.0000000e+00   6.2354118e-01
   3.0324902e-01   0.0000000e+00   6.2877255e-01
   2.6142157e-01   0.0000000e+00   6.3400392e-01
   2.1959412e-01   0.0000000e+00   6.3923529e-01
   1.7776667e-01   0.0000000e+00   6.4446667e-01
   1.3593922e-01   0.0000000e+00   6.4969804e-01
   9.4111765e-02   0.0000000e+00   6.5492941e-01
   5.2284314e-02   0.0000000e+00   6.6016078e-01
   1.0456863e-02   0.0000000e+00   6.6539216e-01
   0.0000000e+00   0.0000000e+00   6.7846471e-01
   0.0000000e+00   0.0000000e+00   6.9415098e-01
   0.0000000e+00   0.0000000e+00   7.0983725e-01
   0.0000000e+00   0.0000000e+00   7.2552353e-01
   0.0000000e+00   0.0000000e+00   7.4120980e-01
   0.0000000e+00   0.0000000e+00   7.5689608e-01
   0.0000000e+00   0.0000000e+00   7.7258235e-01
   0.0000000e+00   0.0000000e+00   7.8826863e-01
   0.0000000e+00   0.0000000e+00   8.0395490e-01
   0.0000000e+00   0.0000000e+00   8.1964118e-01
   0.0000000e+00   0.0000000e+00   8.3532745e-01
   0.0000000e+00   0.0000000e+00   8.5101373e-01
   0.0000000e+00   0.0000000e+00   8.6670000e-01
   0.0000000e+00   3.6603922e-02   8.6670000e-01
   0.0000000e+00   7.3207843e-02   8.6670000e-01
   0.0000000e+00   1.0981176e-01   8.6670000e-01
   0.0000000e+00   1.4641569e-01   8.6670000e-01
   0.0000000e+00   1.8301961e-01   8.6670000e-01
   0.0000000e+00   2.1962353e-01   8.6670000e-01
   0.0000000e+00   2.5622745e-01   8.6670000e-01
   0.0000000e+00   2.9283137e-01   8.6670000e-01
   0.0000000e+00   3.2943529e-01   8.6670000e-01
   0.0000000e+00   3.6603922e-01   8.6670000e-01
   0.0000000e+00   4.0264314e-01   8.6670000e-01
   0.0000000e+00   4.3924706e-01   8.6670000e-01
   0.0000000e+00   4.6931373e-01   8.6670000e-01
   0.0000000e+00   4.7976863e-01   8.6670000e-01
   0.0000000e+00   4.9022353e-01   8.6670000e-01
   0.0000000e+00   5.0067843e-01   8.6670000e-01
   0.0000000e+00   5.1113333e-01   8.6670000e-01
   0.0000000e+00   5.2158824e-01   8.6670000e-01
   0.0000000e+00   5.3204314e-01   8.6670000e-01
   0.0000000e+00   5.4249804e-01   8.6670000e-01
   0.0000000e+00   5.5295294e-01   8.6670000e-01
   0.0000000e+00   5.6340784e-01   8.6670000e-01
   0.0000000e+00   5.7386275e-01   8.6670000e-01
   0.0000000e+00   5.8431765e-01   8.6670000e-01
   0.0000000e+00   5.9477255e-01   8.6670000e-01
   0.0000000e+00   6.0261569e-01   8.5885686e-01
   0.0000000e+00   6.0784706e-01   8.4317059e-01
   0.0000000e+00   6.1307843e-01   8.2748431e-01
   0.0000000e+00   6.1830980e-01   8.1179804e-01
   0.0000000e+00   6.2354118e-01   7.9611176e-01
   0.0000000e+00   6.2877255e-01   7.8042549e-01
   0.0000000e+00   6.3400392e-01   7.6473922e-01
   0.0000000e+00   6.3923529e-01   7.4905294e-01
   0.0000000e+00   6.4446667e-01   7.3336667e-01
   0.0000000e+00   6.4969804e-01   7.1768039e-01
   0.0000000e+00   6.5492941e-01   7.0199412e-01
   0.0000000e+00   6.6016078e-01   6.8630784e-01
   0.0000000e+00   6.6539216e-01   6.7062157e-01
   0.0000000e+00   6.6670000e-01   6.5885294e-01
   0.0000000e+00   6.6670000e-01   6.4839020e-01
   0.0000000e+00   6.6670000e-01   6.3792745e-01
   0.0000000e+00   6.6670000e-01   6.2746471e-01
   0.0000000e+00   6.6670000e-01   6.1700196e-01
   0.0000000e+00   6.6670000e-01   6.0653922e-01
   0.0000000e+00   6.6670000e-01   5.9607647e-01
   0.0000000e+00   6.6670000e-01   5.8561373e-01
   0.0000000e+00   6.6670000e-01   5.7515098e-01
   0.0000000e+00   6.6670000e-01   5.6468824e-01
   0.0000000e+00   6.6670000e-01   5.5422549e-01
   0.0000000e+00   6.6670000e-01   5.4376275e-01
   0.0000000e+00   6.6670000e-01   5.3330000e-01
   0.0000000e+00   6.6146863e-01   4.9147255e-01
   0.0000000e+00   6.5623725e-01   4.4964510e-01
   0.0000000e+00   6.5100588e-01   4.0781765e-01
   0.0000000e+00   6.4577451e-01   3.6599020e-01
   0.0000000e+00   6.4054314e-01   3.2416275e-01
   0.0000000e+00   6.3531176e-01   2.8233529e-01
   0.0000000e+00   6.3008039e-01   2.4050784e-01
   0.0000000e+00   6.2484902e-01   1.9868039e-01
   0.0000000e+00   6.1961765e-01   1.5685294e-01
   0.0000000e+00   6.1438627e-01   1.1502549e-01
   0.0000000e+00   6.0915490e-01   7.3198039e-02
   0.0000000e+00   6.0392353e-01   3.1370588e-02
   0.0000000e+00   6.0261373e-01   0.0000000e+00
   0.0000000e+00   6.1306863e-01   0.0000000e+00
   0.0000000e+00   6.2352353e-01   0.0000000e+00
   0.0000000e+00   6.3397843e-01   0.0000000e+00
   0.0000000e+00   6.4443333e-01   0.0000000e+00
   0.0000000e+00   6.5488824e-01   0.0000000e+00
   0.0000000e+00   6.6534314e-01   0.0000000e+00
   0.0000000e+00   6.7579804e-01   0.0000000e+00
   0.0000000e+00   6.8625294e-01   0.0000000e+00
   0.0000000e+00   6.9670784e-01   0.0000000e+00
   0.0000000e+00   7.0716275e-01   0.0000000e+00
   0.0000000e+00   7.1761765e-01   0.0000000e+00
   0.0000000e+00   7.2807255e-01   0.0000000e+00
   0.0000000e+00   7.3853137e-01   0.0000000e+00
   0.0000000e+00   7.4899412e-01   0.0000000e+00
   0.0000000e+00   7.5945686e-01   0.0000000e+00
   0.0000000e+00   7.6991961e-01   0.0000000e+00
   0.0000000e+00   7.8038235e-01   0.0000000e+00
   0.0000000e+00   7.9084510e-01   0.0000000e+00
   0.0000000e+00   8.0130784e-01   0.0000000e+00
   0.0000000e+00   8.1177059e-01   0.0000000e+00
   0.0000000e+00   8.2223333e-01   0.0000000e+00
   0.0000000e+00   8.3269608e-01   0.0000000e+00
   0.0000000e+00   8.4315882e-01   0.0000000e+00
   0.0000000e+00   8.5362157e-01   0.0000000e+00
   0.0000000e+00   8.6408431e-01   0.0000000e+00
   0.0000000e+00   8.7454118e-01   0.0000000e+00
   0.0000000e+00   8.8499608e-01   0.0000000e+00
   0.0000000e+00   8.9545098e-01   0.0000000e+00
   0.0000000e+00   9.0590588e-01   0.0000000e+00
   0.0000000e+00   9.1636078e-01   0.0000000e+00
   0.0000000e+00   9.2681569e-01   0.0000000e+00
   0.0000000e+00   9.3727059e-01   0.0000000e+00
   0.0000000e+00   9.4772549e-01   0.0000000e+00
   0.0000000e+00   9.5818039e-01   0.0000000e+00
   0.0000000e+00   9.6863529e-01   0.0000000e+00
   0.0000000e+00   9.7909020e-01   0.0000000e+00
   0.0000000e+00   9.8954510e-01   0.0000000e+00
   0.0000000e+00   1.0000000e+00   0.0000000e+00
   5.7513725e-02   1.0000000e+00   0.0000000e+00
   1.1502745e-01   1.0000000e+00   0.0000000e+00
   1.7254118e-01   1.0000000e+00   0.0000000e+00
   2.3005490e-01   1.0000000e+00   0.0000000e+00
   2.8756863e-01   1.0000000e+00   0.0000000e+00
   3.4508235e-01   1.0000000e+00   0.0000000e+00
   4.0259608e-01   1.0000000e+00   0.0000000e+00
   4.6010980e-01   1.0000000e+00   0.0000000e+00
   5.1762353e-01   1.0000000e+00   0.0000000e+00
   5.7513725e-01   1.0000000e+00   0.0000000e+00
   6.3265098e-01   1.0000000e+00   0.0000000e+00
   6.9016471e-01   1.0000000e+00   0.0000000e+00
   7.3722157e-01   9.9869216e-01   0.0000000e+00
   7.5290784e-01   9.9346078e-01   0.0000000e+00
   7.6859412e-01   9.8822941e-01   0.0000000e+00
   7.8428039e-01   9.8299804e-01   0.0000000e+00
   7.9996667e-01   9.7776667e-01   0.0000000e+00
   8.1565294e-01   9.7253529e-01   0.0000000e+00
   8.3133922e-01   9.6730392e-01   0.0000000e+00
   8.4702549e-01   9.6207255e-01   0.0000000e+00
   8.6271176e-01   9.5684118e-01   0.0000000e+00
   8.7839804e-01   9.5160980e-01   0.0000000e+00
   8.9408431e-01   9.4637843e-01   0.0000000e+00
   9.0977059e-01   9.4114706e-01   0.0000000e+00
   9.2545686e-01   9.3591569e-01   0.0000000e+00
   9.3591569e-01   9.2807255e-01   0.0000000e+00
   9.4114706e-01   9.1761765e-01   0.0000000e+00
   9.4637843e-01   9.0716275e-01   0.0000000e+00
   9.5160980e-01   8.9670784e-01   0.0000000e+00
   9.5684118e-01   8.8625294e-01   0.0000000e+00
   9.6207255e-01   8.7579804e-01   0.0000000e+00
   9.6730392e-01   8.6534314e-01   0.0000000e+00
   9.7253529e-01   8.5488824e-01   0.0000000e+00
   9.7776667e-01   8.4443333e-01   0.0000000e+00
   9.8299804e-01   8.3397843e-01   0.0000000e+00
   9.8822941e-01   8.2352353e-01   0.0000000e+00
   9.9346078e-01   8.1306863e-01   0.0000000e+00
   9.9869216e-01   8.0261373e-01   0.0000000e+00
   1.0000000e+00   7.8823529e-01   0.0000000e+00
   1.0000000e+00   7.7254902e-01   0.0000000e+00
   1.0000000e+00   7.5686275e-01   0.0000000e+00
   1.0000000e+00   7.4117647e-01   0.0000000e+00
   1.0000000e+00   7.2549020e-01   0.0000000e+00
   1.0000000e+00   7.0980392e-01   0.0000000e+00
   1.0000000e+00   6.9411765e-01   0.0000000e+00
   1.0000000e+00   6.7843137e-01   0.0000000e+00
   1.0000000e+00   6.6274510e-01   0.0000000e+00
   1.0000000e+00   6.4705882e-01   0.0000000e+00
   1.0000000e+00   6.3137255e-01   0.0000000e+00
   1.0000000e+00   6.1568627e-01   0.0000000e+00
   1.0000000e+00   6.0000000e-01   0.0000000e+00
   1.0000000e+00   5.5294118e-01   0.0000000e+00
   1.0000000e+00   5.0588235e-01   0.0000000e+00
   1.0000000e+00   4.5882353e-01   0.0000000e+00
   1.0000000e+00   4.1176471e-01   0.0000000e+00
   1.0000000e+00   3.6470588e-01   0.0000000e+00
   1.0000000e+00   3.1764706e-01   0.0000000e+00
   1.0000000e+00   2.7058824e-01   0.0000000e+00
   1.0000000e+00   2.2352941e-01   0.0000000e+00
   1.0000000e+00   1.7647059e-01   0.0000000e+00
   1.0000000e+00   1.2941176e-01   0.0000000e+00
   1.0000000e+00   8.2352941e-02   0.0000000e+00
   1.0000000e+00   3.5294118e-02   0.0000000e+00
   9.9738627e-01   0.0000000e+00   0.0000000e+00
   9.8693137e-01   0.0000000e+00   0.0000000e+00
   9.7647647e-01   0.0000000e+00   0.0000000e+00
   9.6602157e-01   0.0000000e+00   0.0000000e+00
   9.5556667e-01   0.0000000e+00   0.0000000e+00
   9.4511176e-01   0.0000000e+00   0.0000000e+00
   9.3465686e-01   0.0000000e+00   0.0000000e+00
   9.2420196e-01   0.0000000e+00   0.0000000e+00
   9.1374706e-01   0.0000000e+00   0.0000000e+00
   9.0329216e-01   0.0000000e+00   0.0000000e+00
   8.9283725e-01   0.0000000e+00   0.0000000e+00
   8.8238235e-01   0.0000000e+00   0.0000000e+00
   8.7192745e-01   0.0000000e+00   0.0000000e+00
   8.6408431e-01   0.0000000e+00   0.0000000e+00
   8.5885294e-01   0.0000000e+00   0.0000000e+00
   8.5362157e-01   0.0000000e+00   0.0000000e+00
   8.4839020e-01   0.0000000e+00   0.0000000e+00
   8.4315882e-01   0.0000000e+00   0.0000000e+00
   8.3792745e-01   0.0000000e+00   0.0000000e+00
   8.3269608e-01   0.0000000e+00   0.0000000e+00
   8.2746471e-01   0.0000000e+00   0.0000000e+00
   8.2223333e-01   0.0000000e+00   0.0000000e+00
   8.1700196e-01   0.0000000e+00   0.0000000e+00
   8.1177059e-01   0.0000000e+00   0.0000000e+00
   8.0653922e-01   0.0000000e+00   0.0000000e+00
   8.0130784e-01   0.0000000e+00   0.0000000e+00
   8.0000000e-01   4.7058824e-02   4.7058824e-02
   8.0000000e-01   1.0980392e-01   1.0980392e-01
   8.0000000e-01   1.7254902e-01   1.7254902e-01
   8.0000000e-01   2.3529412e-01   2.3529412e-01
   8.0000000e-01   2.9803922e-01   2.9803922e-01
   8.0000000e-01   3.6078431e-01   3.6078431e-01
   8.0000000e-01   4.2352941e-01   4.2352941e-01
   8.0000000e-01   4.8627451e-01   4.8627451e-01
   8.0000000e-01   5.4901961e-01   5.4901961e-01
   8.0000000e-01   6.1176471e-01   6.1176471e-01
   8.0000000e-01   6.7450980e-01   6.7450980e-01
   8.0000000e-01   7.3725490e-01   7.3725490e-01
   8.0000000e-01   8.0000000e-01   8.0000000e-01
