   1.0000000e+00   9.6078431e-01   9.2156863e-01
   9.9987697e-01   9.5893887e-01   9.1800077e-01
   9.9975394e-01   9.5709343e-01   9.1443291e-01
   9.9963091e-01   9.5524798e-01   9.1086505e-01
   9.9950788e-01   9.5340254e-01   9.0729719e-01
   9.9938485e-01   9.5155709e-01   9.0372933e-01
   9.9926182e-01   9.4971165e-01   9.0016148e-01
   9.9913879e-01   9.4786621e-01   8.9659362e-01
   9.9901576e-01   9.4602076e-01   8.9302576e-01
   9.9889273e-01   9.4417532e-01   8.8945790e-01
   9.9876970e-01   9.4232987e-01   8.8589004e-01
   9.9864667e-01   9.4048443e-01   8.8232218e-01
   9.9852364e-01   9.3863899e-01   8.7875433e-01
   9.9840062e-01   9.3679354e-01   8.7518647e-01
   9.9827759e-01   9.3494810e-01   8.7161861e-01
   9.9815456e-01   9.3310265e-01   8.6805075e-01
   9.9803153e-01   9.3125721e-01   8.6448289e-01
   9.9790850e-01   9.2941176e-01   8.6091503e-01
   9.9778547e-01   9.2756632e-01   8.5734717e-01
   9.9766244e-01   9.2572088e-01   8.5377932e-01
   9.9753941e-01   9.2387543e-01   8.5021146e-01
   9.9741638e-01   9.2202999e-01   8.4664360e-01
   9.9729335e-01   9.2018454e-01   8.4307574e-01
   9.9717032e-01   9.1833910e-01   8.3950788e-01
   9.9704729e-01   9.1649366e-01   8.3594002e-01
   9.9692426e-01   9.1464821e-01   8.3237216e-01
   9.9680123e-01   9.1280277e-01   8.2880431e-01
   9.9667820e-01   9.1095732e-01   8.2523645e-01
   9.9655517e-01   9.0911188e-01   8.2166859e-01
   9.9643214e-01   9.0726644e-01   8.1810073e-01
   9.9630911e-01   9.0542099e-01   8.1453287e-01
   9.9618608e-01   9.0357555e-01   8.1096501e-01
   9.9606305e-01   9.0162245e-01   8.0716647e-01
   9.9594002e-01   8.9891580e-01   8.0175317e-01
   9.9581699e-01   8.9620915e-01   7.9633987e-01
   9.9569396e-01   8.9350250e-01   7.9092657e-01
   9.9557093e-01   8.9079585e-01   7.8551326e-01
   9.9544790e-01   8.8808920e-01   7.8009996e-01
   9.9532488e-01   8.8538255e-01   7.7468666e-01
   9.9520185e-01   8.8267589e-01   7.6927336e-01
   9.9507882e-01   8.7996924e-01   7.6386005e-01
   9.9495579e-01   8.7726259e-01   7.5844675e-01
   9.9483276e-01   8.7455594e-01   7.5303345e-01
   9.9470973e-01   8.7184929e-01   7.4762015e-01
   9.9458670e-01   8.6914264e-01   7.4220684e-01
   9.9446367e-01   8.6643599e-01   7.3679354e-01
   9.9434064e-01   8.6372933e-01   7.3138024e-01
   9.9421761e-01   8.6102268e-01   7.2596694e-01
   9.9409458e-01   8.5831603e-01   7.2055363e-01
   9.9397155e-01   8.5560938e-01   7.1514033e-01
   9.9384852e-01   8.5290273e-01   7.0972703e-01
   9.9372549e-01   8.5019608e-01   7.0431373e-01
   9.9360246e-01   8.4748943e-01   6.9890042e-01
   9.9347943e-01   8.4478278e-01   6.9348712e-01
   9.9335640e-01   8.4207612e-01   6.8807382e-01
   9.9323337e-01   8.3936947e-01   6.8266052e-01
   9.9311034e-01   8.3666282e-01   6.7724721e-01
   9.9298731e-01   8.3395617e-01   6.7183391e-01
   9.9286428e-01   8.3124952e-01   6.6642061e-01
   9.9274125e-01   8.2854287e-01   6.6100730e-01
   9.9261822e-01   8.2583622e-01   6.5559400e-01
   9.9249519e-01   8.2312957e-01   6.5018070e-01
   9.9237216e-01   8.2042291e-01   6.4476740e-01
   9.9224913e-01   8.1771626e-01   6.3935409e-01
   9.9215686e-01   8.1464052e-01   6.3360246e-01
   9.9215686e-01   8.1045752e-01   6.2683583e-01
   9.9215686e-01   8.0627451e-01   6.2006920e-01
   9.9215686e-01   8.0209150e-01   6.1330258e-01
   9.9215686e-01   7.9790850e-01   6.0653595e-01
   9.9215686e-01   7.9372549e-01   5.9976932e-01
   9.9215686e-01   7.8954248e-01   5.9300269e-01
   9.9215686e-01   7.8535948e-01   5.8623606e-01
   9.9215686e-01   7.8117647e-01   5.7946943e-01
   9.9215686e-01   7.7699346e-01   5.7270281e-01
   9.9215686e-01   7.7281046e-01   5.6593618e-01
   9.9215686e-01   7.6862745e-01   5.5916955e-01
   9.9215686e-01   7.6444444e-01   5.5240292e-01
   9.9215686e-01   7.6026144e-01   5.4563629e-01
   9.9215686e-01   7.5607843e-01   5.3886967e-01
   9.9215686e-01   7.5189542e-01   5.3210304e-01
   9.9215686e-01   7.4771242e-01   5.2533641e-01
   9.9215686e-01   7.4352941e-01   5.1856978e-01
   9.9215686e-01   7.3934641e-01   5.1180315e-01
   9.9215686e-01   7.3516340e-01   5.0503652e-01
   9.9215686e-01   7.3098039e-01   4.9826990e-01
   9.9215686e-01   7.2679739e-01   4.9150327e-01
   9.9215686e-01   7.2261438e-01   4.8473664e-01
   9.9215686e-01   7.1843137e-01   4.7797001e-01
   9.9215686e-01   7.1424837e-01   4.7120338e-01
   9.9215686e-01   7.1006536e-01   4.6443676e-01
   9.9215686e-01   7.0588235e-01   4.5767013e-01
   9.9215686e-01   7.0169935e-01   4.5090350e-01
   9.9215686e-01   6.9751634e-01   4.4413687e-01
   9.9215686e-01   6.9333333e-01   4.3737024e-01
   9.9215686e-01   6.8915033e-01   4.3060361e-01
   9.9215686e-01   6.8496732e-01   4.2383699e-01
   9.9215686e-01   6.8083045e-01   4.1743945e-01
   9.9215686e-01   6.7677047e-01   4.1165705e-01
   9.9215686e-01   6.7271050e-01   4.0587466e-01
   9.9215686e-01   6.6865052e-01   4.0009227e-01
   9.9215686e-01   6.6459054e-01   3.9430988e-01
   9.9215686e-01   6.6053057e-01   3.8852749e-01
   9.9215686e-01   6.5647059e-01   3.8274510e-01
   9.9215686e-01   6.5241061e-01   3.7696271e-01
   9.9215686e-01   6.4835063e-01   3.7118032e-01
   9.9215686e-01   6.4429066e-01   3.6539792e-01
   9.9215686e-01   6.4023068e-01   3.5961553e-01
   9.9215686e-01   6.3617070e-01   3.5383314e-01
   9.9215686e-01   6.3211073e-01   3.4805075e-01
   9.9215686e-01   6.2805075e-01   3.4226836e-01
   9.9215686e-01   6.2399077e-01   3.3648597e-01
   9.9215686e-01   6.1993080e-01   3.3070358e-01
   9.9215686e-01   6.1587082e-01   3.2492118e-01
   9.9215686e-01   6.1181084e-01   3.1913879e-01
   9.9215686e-01   6.0775087e-01   3.1335640e-01
   9.9215686e-01   6.0369089e-01   3.0757401e-01
   9.9215686e-01   5.9963091e-01   3.0179162e-01
   9.9215686e-01   5.9557093e-01   2.9600923e-01
   9.9215686e-01   5.9151096e-01   2.9022684e-01
   9.9215686e-01   5.8745098e-01   2.8444444e-01
   9.9215686e-01   5.8339100e-01   2.7866205e-01
   9.9215686e-01   5.7933103e-01   2.7287966e-01
   9.9215686e-01   5.7527105e-01   2.6709727e-01
   9.9215686e-01   5.7121107e-01   2.6131488e-01
   9.9215686e-01   5.6715110e-01   2.5553249e-01
   9.9215686e-01   5.6309112e-01   2.4975010e-01
   9.9215686e-01   5.5903114e-01   2.4396770e-01
   9.9215686e-01   5.5497116e-01   2.3818531e-01
   9.9141869e-01   5.5072664e-01   2.3277201e-01
   9.8994233e-01   5.4629758e-01   2.2772780e-01
   9.8846597e-01   5.4186851e-01   2.2268358e-01
   9.8698962e-01   5.3743945e-01   2.1763937e-01
   9.8551326e-01   5.3301038e-01   2.1259516e-01
   9.8403691e-01   5.2858131e-01   2.0755094e-01
   9.8256055e-01   5.2415225e-01   2.0250673e-01
   9.8108420e-01   5.1972318e-01   1.9746251e-01
   9.7960784e-01   5.1529412e-01   1.9241830e-01
   9.7813149e-01   5.1086505e-01   1.8737409e-01
   9.7665513e-01   5.0643599e-01   1.8232987e-01
   9.7517878e-01   5.0200692e-01   1.7728566e-01
   9.7370242e-01   4.9757785e-01   1.7224145e-01
   9.7222607e-01   4.9314879e-01   1.6719723e-01
   9.7074971e-01   4.8871972e-01   1.6215302e-01
   9.6927336e-01   4.8429066e-01   1.5710880e-01
   9.6779700e-01   4.7986159e-01   1.5206459e-01
   9.6632065e-01   4.7543253e-01   1.4702038e-01
   9.6484429e-01   4.7100346e-01   1.4197616e-01
   9.6336794e-01   4.6657439e-01   1.3693195e-01
   9.6189158e-01   4.6214533e-01   1.3188774e-01
   9.6041522e-01   4.5771626e-01   1.2684352e-01
   9.5893887e-01   4.5328720e-01   1.2179931e-01
   9.5746251e-01   4.4885813e-01   1.1675509e-01
   9.5598616e-01   4.4442907e-01   1.1171088e-01
   9.5450980e-01   4.4000000e-01   1.0666667e-01
   9.5303345e-01   4.3557093e-01   1.0162245e-01
   9.5155709e-01   4.3114187e-01   9.6578239e-02
   9.5008074e-01   4.2671280e-01   9.1534025e-02
   9.4860438e-01   4.2228374e-01   8.6489812e-02
   9.4712803e-01   4.1785467e-01   8.1445598e-02
   9.4565167e-01   4.1342561e-01   7.6401384e-02
   9.4325260e-01   4.0922722e-01   7.3125721e-02
   9.4029988e-01   4.0516724e-01   7.0911188e-02
   9.3734717e-01   4.0110727e-01   6.8696655e-02
   9.3439446e-01   3.9704729e-01   6.6482122e-02
   9.3144175e-01   3.9298731e-01   6.4267589e-02
   9.2848904e-01   3.8892734e-01   6.2053057e-02
   9.2553633e-01   3.8486736e-01   5.9838524e-02
   9.2258362e-01   3.8080738e-01   5.7623991e-02
   9.1963091e-01   3.7674740e-01   5.5409458e-02
   9.1667820e-01   3.7268743e-01   5.3194925e-02
   9.1372549e-01   3.6862745e-01   5.0980392e-02
   9.1077278e-01   3.6456747e-01   4.8765859e-02
   9.0782007e-01   3.6050750e-01   4.6551326e-02
   9.0486736e-01   3.5644752e-01   4.4336794e-02
   9.0191465e-01   3.5238754e-01   4.2122261e-02
   8.9896194e-01   3.4832757e-01   3.9907728e-02
   8.9600923e-01   3.4426759e-01   3.7693195e-02
   8.9305652e-01   3.4020761e-01   3.5478662e-02
   8.9010381e-01   3.3614764e-01   3.3264129e-02
   8.8715110e-01   3.3208766e-01   3.1049596e-02
   8.8419839e-01   3.2802768e-01   2.8835063e-02
   8.8124567e-01   3.2396770e-01   2.6620531e-02
   8.7829296e-01   3.1990773e-01   2.4405998e-02
   8.7534025e-01   3.1584775e-01   2.2191465e-02
   8.7238754e-01   3.1178777e-01   1.9976932e-02
   8.6943483e-01   3.0772780e-01   1.7762399e-02
   8.6648212e-01   3.0366782e-01   1.5547866e-02
   8.6352941e-01   2.9960784e-01   1.3333333e-02
   8.6057670e-01   2.9554787e-01   1.1118800e-02
   8.5762399e-01   2.9148789e-01   8.9042676e-03
   8.5467128e-01   2.8742791e-01   6.6897347e-03
   8.5171857e-01   2.8336794e-01   4.4752018e-03
   8.4627451e-01   2.8069204e-01   4.1061130e-03
   8.4000000e-01   2.7847751e-01   4.3521722e-03
   8.3372549e-01   2.7626298e-01   4.5982314e-03
   8.2745098e-01   2.7404844e-01   4.8442907e-03
   8.2117647e-01   2.7183391e-01   5.0903499e-03
   8.1490196e-01   2.6961938e-01   5.3364091e-03
   8.0862745e-01   2.6740484e-01   5.5824683e-03
   8.0235294e-01   2.6519031e-01   5.8285275e-03
   7.9607843e-01   2.6297578e-01   6.0745867e-03
   7.8980392e-01   2.6076125e-01   6.3206459e-03
   7.8352941e-01   2.5854671e-01   6.5667051e-03
   7.7725490e-01   2.5633218e-01   6.8127643e-03
   7.7098039e-01   2.5411765e-01   7.0588235e-03
   7.6470588e-01   2.5190311e-01   7.3048827e-03
   7.5843137e-01   2.4968858e-01   7.5509419e-03
   7.5215686e-01   2.4747405e-01   7.7970012e-03
   7.4588235e-01   2.4525952e-01   8.0430604e-03
   7.3960784e-01   2.4304498e-01   8.2891196e-03
   7.3333333e-01   2.4083045e-01   8.5351788e-03
   7.2705882e-01   2.3861592e-01   8.7812380e-03
   7.2078431e-01   2.3640138e-01   9.0272972e-03
   7.1450980e-01   2.3418685e-01   9.2733564e-03
   7.0823529e-01   2.3197232e-01   9.5194156e-03
   7.0196078e-01   2.2975779e-01   9.7654748e-03
   6.9568627e-01   2.2754325e-01   1.0011534e-02
   6.8941176e-01   2.2532872e-01   1.0257593e-02
   6.8313725e-01   2.2311419e-01   1.0503652e-02
   6.7686275e-01   2.2089965e-01   1.0749712e-02
   6.7058824e-01   2.1868512e-01   1.0995771e-02
   6.6431373e-01   2.1647059e-01   1.1241830e-02
   6.5803922e-01   2.1425606e-01   1.1487889e-02
   6.5176471e-01   2.1204152e-01   1.1733948e-02
   6.4678201e-01   2.1014994e-01   1.1872357e-02
   6.4198385e-01   2.0830450e-01   1.1995386e-02
   6.3718570e-01   2.0645905e-01   1.2118416e-02
   6.3238754e-01   2.0461361e-01   1.2241446e-02
   6.2758939e-01   2.0276817e-01   1.2364475e-02
   6.2279123e-01   2.0092272e-01   1.2487505e-02
   6.1799308e-01   1.9907728e-01   1.2610534e-02
   6.1319493e-01   1.9723183e-01   1.2733564e-02
   6.0839677e-01   1.9538639e-01   1.2856594e-02
   6.0359862e-01   1.9354095e-01   1.2979623e-02
   5.9880046e-01   1.9169550e-01   1.3102653e-02
   5.9400231e-01   1.8985006e-01   1.3225682e-02
   5.8920415e-01   1.8800461e-01   1.3348712e-02
   5.8440600e-01   1.8615917e-01   1.3471742e-02
   5.7960784e-01   1.8431373e-01   1.3594771e-02
   5.7480969e-01   1.8246828e-01   1.3717801e-02
   5.7001153e-01   1.8062284e-01   1.3840830e-02
   5.6521338e-01   1.7877739e-01   1.3963860e-02
   5.6041522e-01   1.7693195e-01   1.4086890e-02
   5.5561707e-01   1.7508651e-01   1.4209919e-02
   5.5081892e-01   1.7324106e-01   1.4332949e-02
   5.4602076e-01   1.7139562e-01   1.4455978e-02
   5.4122261e-01   1.6955017e-01   1.4579008e-02
   5.3642445e-01   1.6770473e-01   1.4702038e-02
   5.3162630e-01   1.6585928e-01   1.4825067e-02
   5.2682814e-01   1.6401384e-01   1.4948097e-02
   5.2202999e-01   1.6216840e-01   1.5071126e-02
   5.1723183e-01   1.6032295e-01   1.5194156e-02
   5.1243368e-01   1.5847751e-01   1.5317186e-02
   5.0763552e-01   1.5663206e-01   1.5440215e-02
   5.0283737e-01   1.5478662e-01   1.5563245e-02
   4.9803922e-01   1.5294118e-01   1.5686275e-02
