   1.0000000e+00   9.6862745e-01   9.2549020e-01
   9.9987697e-01   9.6678201e-01   9.2106113e-01
   9.9975394e-01   9.6493656e-01   9.1663206e-01
   9.9963091e-01   9.6309112e-01   9.1220300e-01
   9.9950788e-01   9.6124567e-01   9.0777393e-01
   9.9938485e-01   9.5940023e-01   9.0334487e-01
   9.9926182e-01   9.5755479e-01   8.9891580e-01
   9.9913879e-01   9.5570934e-01   8.9448674e-01
   9.9901576e-01   9.5386390e-01   8.9005767e-01
   9.9889273e-01   9.5201845e-01   8.8562860e-01
   9.9876970e-01   9.5017301e-01   8.8119954e-01
   9.9864667e-01   9.4832757e-01   8.7677047e-01
   9.9852364e-01   9.4648212e-01   8.7234141e-01
   9.9840062e-01   9.4463668e-01   8.6791234e-01
   9.9827759e-01   9.4279123e-01   8.6348328e-01
   9.9815456e-01   9.4094579e-01   8.5905421e-01
   9.9803153e-01   9.3910035e-01   8.5462514e-01
   9.9790850e-01   9.3725490e-01   8.5019608e-01
   9.9778547e-01   9.3540946e-01   8.4576701e-01
   9.9766244e-01   9.3356401e-01   8.4133795e-01
   9.9753941e-01   9.3171857e-01   8.3690888e-01
   9.9741638e-01   9.2987313e-01   8.3247982e-01
   9.9729335e-01   9.2802768e-01   8.2805075e-01
   9.9717032e-01   9.2618224e-01   8.2362168e-01
   9.9704729e-01   9.2433679e-01   8.1919262e-01
   9.9692426e-01   9.2249135e-01   8.1476355e-01
   9.9680123e-01   9.2064591e-01   8.1033449e-01
   9.9667820e-01   9.1880046e-01   8.0590542e-01
   9.9655517e-01   9.1695502e-01   8.0147636e-01
   9.9643214e-01   9.1510957e-01   7.9704729e-01
   9.9630911e-01   9.1326413e-01   7.9261822e-01
   9.9618608e-01   9.1141869e-01   7.8818916e-01
   9.9606305e-01   9.0949635e-01   7.8366782e-01
   9.9594002e-01   9.0703576e-01   7.7850058e-01
   9.9581699e-01   9.0457516e-01   7.7333333e-01
   9.9569396e-01   9.0211457e-01   7.6816609e-01
   9.9557093e-01   8.9965398e-01   7.6299885e-01
   9.9544790e-01   8.9719339e-01   7.5783160e-01
   9.9532488e-01   8.9473280e-01   7.5266436e-01
   9.9520185e-01   8.9227220e-01   7.4749712e-01
   9.9507882e-01   8.8981161e-01   7.4232987e-01
   9.9495579e-01   8.8735102e-01   7.3716263e-01
   9.9483276e-01   8.8489043e-01   7.3199539e-01
   9.9470973e-01   8.8242983e-01   7.2682814e-01
   9.9458670e-01   8.7996924e-01   7.2166090e-01
   9.9446367e-01   8.7750865e-01   7.1649366e-01
   9.9434064e-01   8.7504806e-01   7.1132641e-01
   9.9421761e-01   8.7258747e-01   7.0615917e-01
   9.9409458e-01   8.7012687e-01   7.0099193e-01
   9.9397155e-01   8.6766628e-01   6.9582468e-01
   9.9384852e-01   8.6520569e-01   6.9065744e-01
   9.9372549e-01   8.6274510e-01   6.8549020e-01
   9.9360246e-01   8.6028451e-01   6.8032295e-01
   9.9347943e-01   8.5782391e-01   6.7515571e-01
   9.9335640e-01   8.5536332e-01   6.6998847e-01
   9.9323337e-01   8.5290273e-01   6.6482122e-01
   9.9311034e-01   8.5044214e-01   6.5965398e-01
   9.9298731e-01   8.4798155e-01   6.5448674e-01
   9.9286428e-01   8.4552095e-01   6.4931949e-01
   9.9274125e-01   8.4306036e-01   6.4415225e-01
   9.9261822e-01   8.4059977e-01   6.3898501e-01
   9.9249519e-01   8.3813918e-01   6.3381776e-01
   9.9237216e-01   8.3567859e-01   6.2865052e-01
   9.9224913e-01   8.3321799e-01   6.2348328e-01
   9.9215686e-01   8.3060361e-01   6.1880815e-01
   9.9215686e-01   8.2752787e-01   6.1560938e-01
   9.9215686e-01   8.2445213e-01   6.1241061e-01
   9.9215686e-01   8.2137639e-01   6.0921184e-01
   9.9215686e-01   8.1830065e-01   6.0601307e-01
   9.9215686e-01   8.1522491e-01   6.0281430e-01
   9.9215686e-01   8.1214917e-01   5.9961553e-01
   9.9215686e-01   8.0907343e-01   5.9641676e-01
   9.9215686e-01   8.0599769e-01   5.9321799e-01
   9.9215686e-01   8.0292195e-01   5.9001922e-01
   9.9215686e-01   7.9984621e-01   5.8682045e-01
   9.9215686e-01   7.9677047e-01   5.8362168e-01
   9.9215686e-01   7.9369473e-01   5.8042291e-01
   9.9215686e-01   7.9061899e-01   5.7722414e-01
   9.9215686e-01   7.8754325e-01   5.7402537e-01
   9.9215686e-01   7.8446751e-01   5.7082661e-01
   9.9215686e-01   7.8139177e-01   5.6762784e-01
   9.9215686e-01   7.7831603e-01   5.6442907e-01
   9.9215686e-01   7.7524029e-01   5.6123030e-01
   9.9215686e-01   7.7216455e-01   5.5803153e-01
   9.9215686e-01   7.6908881e-01   5.5483276e-01
   9.9215686e-01   7.6601307e-01   5.5163399e-01
   9.9215686e-01   7.6293733e-01   5.4843522e-01
   9.9215686e-01   7.5986159e-01   5.4523645e-01
   9.9215686e-01   7.5678585e-01   5.4203768e-01
   9.9215686e-01   7.5371011e-01   5.3883891e-01
   9.9215686e-01   7.5063437e-01   5.3564014e-01
   9.9215686e-01   7.4755863e-01   5.3244137e-01
   9.9215686e-01   7.4448289e-01   5.2924260e-01
   9.9215686e-01   7.4140715e-01   5.2604383e-01
   9.9215686e-01   7.3833141e-01   5.2284506e-01
   9.9215686e-01   7.3525567e-01   5.1964629e-01
   9.9211073e-01   7.3121107e-01   5.1566321e-01
   9.9198770e-01   7.2555171e-01   5.1037293e-01
   9.9186467e-01   7.1989235e-01   5.0508266e-01
   9.9174164e-01   7.1423299e-01   4.9979239e-01
   9.9161861e-01   7.0857363e-01   4.9450211e-01
   9.9149558e-01   7.0291426e-01   4.8921184e-01
   9.9137255e-01   6.9725490e-01   4.8392157e-01
   9.9124952e-01   6.9159554e-01   4.7863130e-01
   9.9112649e-01   6.8593618e-01   4.7334102e-01
   9.9100346e-01   6.8027682e-01   4.6805075e-01
   9.9088043e-01   6.7461745e-01   4.6276048e-01
   9.9075740e-01   6.6895809e-01   4.5747020e-01
   9.9063437e-01   6.6329873e-01   4.5217993e-01
   9.9051134e-01   6.5763937e-01   4.4688966e-01
   9.9038831e-01   6.5198001e-01   4.4159938e-01
   9.9026528e-01   6.4632065e-01   4.3630911e-01
   9.9014225e-01   6.4066128e-01   4.3101884e-01
   9.9001922e-01   6.3500192e-01   4.2572857e-01
   9.8989619e-01   6.2934256e-01   4.2043829e-01
   9.8977316e-01   6.2368320e-01   4.1514802e-01
   9.8965013e-01   6.1802384e-01   4.0985775e-01
   9.8952710e-01   6.1236448e-01   4.0456747e-01
   9.8940408e-01   6.0670511e-01   3.9927720e-01
   9.8928105e-01   6.0104575e-01   3.9398693e-01
   9.8915802e-01   5.9538639e-01   3.8869666e-01
   9.8903499e-01   5.8972703e-01   3.8340638e-01
   9.8891196e-01   5.8406767e-01   3.7811611e-01
   9.8878893e-01   5.7840830e-01   3.7282584e-01
   9.8866590e-01   5.7274894e-01   3.6753556e-01
   9.8854287e-01   5.6708958e-01   3.6224529e-01
   9.8841984e-01   5.6143022e-01   3.5695502e-01
   9.8829681e-01   5.5577086e-01   3.5166474e-01
   9.8743560e-01   5.5048058e-01   3.4797386e-01
   9.8583622e-01   5.4555940e-01   3.4588235e-01
   9.8423683e-01   5.4063822e-01   3.4379085e-01
   9.8263745e-01   5.3571703e-01   3.4169935e-01
   9.8103806e-01   5.3079585e-01   3.3960784e-01
   9.7943868e-01   5.2587466e-01   3.3751634e-01
   9.7783929e-01   5.2095348e-01   3.3542484e-01
   9.7623991e-01   5.1603230e-01   3.3333333e-01
   9.7464052e-01   5.1111111e-01   3.3124183e-01
   9.7304114e-01   5.0618993e-01   3.2915033e-01
   9.7144175e-01   5.0126874e-01   3.2705882e-01
   9.6984237e-01   4.9634756e-01   3.2496732e-01
   9.6824298e-01   4.9142637e-01   3.2287582e-01
   9.6664360e-01   4.8650519e-01   3.2078431e-01
   9.6504421e-01   4.8158401e-01   3.1869281e-01
   9.6344483e-01   4.7666282e-01   3.1660131e-01
   9.6184544e-01   4.7174164e-01   3.1450980e-01
   9.6024606e-01   4.6682045e-01   3.1241830e-01
   9.5864667e-01   4.6189927e-01   3.1032680e-01
   9.5704729e-01   4.5697809e-01   3.0823529e-01
   9.5544790e-01   4.5205690e-01   3.0614379e-01
   9.5384852e-01   4.4713572e-01   3.0405229e-01
   9.5224913e-01   4.4221453e-01   3.0196078e-01
   9.5064975e-01   4.3729335e-01   2.9986928e-01
   9.4905037e-01   4.3237216e-01   2.9777778e-01
   9.4745098e-01   4.2745098e-01   2.9568627e-01
   9.4585160e-01   4.2252980e-01   2.9359477e-01
   9.4425221e-01   4.1760861e-01   2.9150327e-01
   9.4265283e-01   4.1268743e-01   2.8941176e-01
   9.4105344e-01   4.0776624e-01   2.8732026e-01
   9.3945406e-01   4.0284506e-01   2.8522876e-01
   9.3785467e-01   3.9792388e-01   2.8313725e-01
   9.3540946e-01   3.9200308e-01   2.7920031e-01
   9.3245675e-01   3.8548251e-01   2.7415609e-01
   9.2950404e-01   3.7896194e-01   2.6911188e-01
   9.2655133e-01   3.7244137e-01   2.6406767e-01
   9.2359862e-01   3.6592080e-01   2.5902345e-01
   9.2064591e-01   3.5940023e-01   2.5397924e-01
   9.1769319e-01   3.5287966e-01   2.4893502e-01
   9.1474048e-01   3.4635909e-01   2.4389081e-01
   9.1178777e-01   3.3983852e-01   2.3884660e-01
   9.0883506e-01   3.3331795e-01   2.3380238e-01
   9.0588235e-01   3.2679739e-01   2.2875817e-01
   9.0292964e-01   3.2027682e-01   2.2371396e-01
   8.9997693e-01   3.1375625e-01   2.1866974e-01
   8.9702422e-01   3.0723568e-01   2.1362553e-01
   8.9407151e-01   3.0071511e-01   2.0858131e-01
   8.9111880e-01   2.9419454e-01   2.0353710e-01
   8.8816609e-01   2.8767397e-01   1.9849289e-01
   8.8521338e-01   2.8115340e-01   1.9344867e-01
   8.8226067e-01   2.7463283e-01   1.8840446e-01
   8.7930796e-01   2.6811226e-01   1.8336025e-01
   8.7635525e-01   2.6159170e-01   1.7831603e-01
   8.7340254e-01   2.5507113e-01   1.7327182e-01
   8.7044983e-01   2.4855056e-01   1.6822760e-01
   8.6749712e-01   2.4202999e-01   1.6318339e-01
   8.6454441e-01   2.3550942e-01   1.5813918e-01
   8.6159170e-01   2.2898885e-01   1.5309496e-01
   8.5863899e-01   2.2246828e-01   1.4805075e-01
   8.5568627e-01   2.1594771e-01   1.4300654e-01
   8.5273356e-01   2.0942714e-01   1.3796232e-01
   8.4978085e-01   2.0290657e-01   1.3291811e-01
   8.4682814e-01   1.9638601e-01   1.2787389e-01
   8.4387543e-01   1.8986544e-01   1.2282968e-01
   8.3981546e-01   1.8380623e-01   1.1870819e-01
   8.3538639e-01   1.7790081e-01   1.1489427e-01
   8.3095732e-01   1.7199539e-01   1.1108035e-01
   8.2652826e-01   1.6608997e-01   1.0726644e-01
   8.2209919e-01   1.6018454e-01   1.0345252e-01
   8.1767013e-01   1.5427912e-01   9.9638601e-02
   8.1324106e-01   1.4837370e-01   9.5824683e-02
   8.0881200e-01   1.4246828e-01   9.2010765e-02
   8.0438293e-01   1.3656286e-01   8.8196847e-02
   7.9995386e-01   1.3065744e-01   8.4382930e-02
   7.9552480e-01   1.2475202e-01   8.0569012e-02
   7.9109573e-01   1.1884660e-01   7.6755094e-02
   7.8666667e-01   1.1294118e-01   7.2941176e-02
   7.8223760e-01   1.0703576e-01   6.9127259e-02
   7.7780854e-01   1.0113033e-01   6.5313341e-02
   7.7337947e-01   9.5224913e-02   6.1499423e-02
   7.6895040e-01   8.9319493e-02   5.7685506e-02
   7.6452134e-01   8.3414072e-02   5.3871588e-02
   7.6009227e-01   7.7508651e-02   5.0057670e-02
   7.5566321e-01   7.1603230e-02   4.6243752e-02
   7.5123414e-01   6.5697809e-02   4.2429835e-02
   7.4680507e-01   5.9792388e-02   3.8615917e-02
   7.4237601e-01   5.3886967e-02   3.4801999e-02
   7.3794694e-01   4.7981546e-02   3.0988082e-02
   7.3351788e-01   4.2076125e-02   2.7174164e-02
   7.2908881e-01   3.6170704e-02   2.3360246e-02
   7.2465975e-01   3.0265283e-02   1.9546328e-02
   7.2023068e-01   2.4359862e-02   1.5732411e-02
   7.1580161e-01   1.8454441e-02   1.1918493e-02
   7.1137255e-01   1.2549020e-02   8.1045752e-03
   7.0694348e-01   6.6435986e-03   4.2906574e-03
   7.0251442e-01   7.3817762e-04   4.7673972e-04
   6.9636294e-01   0.0000000e+00   0.0000000e+00
   6.8996540e-01   0.0000000e+00   0.0000000e+00
   6.8356786e-01   0.0000000e+00   0.0000000e+00
   6.7717032e-01   0.0000000e+00   0.0000000e+00
   6.7077278e-01   0.0000000e+00   0.0000000e+00
   6.6437524e-01   0.0000000e+00   0.0000000e+00
   6.5797770e-01   0.0000000e+00   0.0000000e+00
   6.5158016e-01   0.0000000e+00   0.0000000e+00
   6.4518262e-01   0.0000000e+00   0.0000000e+00
   6.3878508e-01   0.0000000e+00   0.0000000e+00
   6.3238754e-01   0.0000000e+00   0.0000000e+00
   6.2599000e-01   0.0000000e+00   0.0000000e+00
   6.1959246e-01   0.0000000e+00   0.0000000e+00
   6.1319493e-01   0.0000000e+00   0.0000000e+00
   6.0679739e-01   0.0000000e+00   0.0000000e+00
   6.0039985e-01   0.0000000e+00   0.0000000e+00
   5.9400231e-01   0.0000000e+00   0.0000000e+00
   5.8760477e-01   0.0000000e+00   0.0000000e+00
   5.8120723e-01   0.0000000e+00   0.0000000e+00
   5.7480969e-01   0.0000000e+00   0.0000000e+00
   5.6841215e-01   0.0000000e+00   0.0000000e+00
   5.6201461e-01   0.0000000e+00   0.0000000e+00
   5.5561707e-01   0.0000000e+00   0.0000000e+00
   5.4921953e-01   0.0000000e+00   0.0000000e+00
   5.4282199e-01   0.0000000e+00   0.0000000e+00
   5.3642445e-01   0.0000000e+00   0.0000000e+00
   5.3002691e-01   0.0000000e+00   0.0000000e+00
   5.2362937e-01   0.0000000e+00   0.0000000e+00
   5.1723183e-01   0.0000000e+00   0.0000000e+00
   5.1083429e-01   0.0000000e+00   0.0000000e+00
   5.0443676e-01   0.0000000e+00   0.0000000e+00
   4.9803922e-01   0.0000000e+00   0.0000000e+00
