   1.1780000e-01   0.0000000e+00   0.0000000e+00
   1.3708469e-01   2.5414720e-02   2.5414720e-02
   1.5636938e-01   5.0829439e-02   5.0829439e-02
   1.7565407e-01   7.6244159e-02   7.6244159e-02
   1.9493876e-01   1.0165888e-01   1.0165888e-01
   2.0875213e-01   1.1289493e-01   1.1289493e-01
   2.2229195e-01   1.2342212e-01   1.2342212e-01
   2.3583178e-01   1.3394931e-01   1.3394931e-01
   2.4937160e-01   1.4447650e-01   1.4447650e-01
   2.6067678e-01   1.5278737e-01   1.5278737e-01
   2.7174676e-01   1.6086496e-01   1.6086496e-01
   2.8281673e-01   1.6894256e-01   1.6894256e-01
   2.9388671e-01   1.7702016e-01   1.7702016e-01
   3.0369645e-01   1.8401117e-01   1.8401117e-01
   3.1329618e-01   1.9082111e-01   1.9082111e-01
   3.2289591e-01   1.9763104e-01   1.9763104e-01
   3.3249564e-01   2.0444098e-01   2.0444098e-01
   3.4128175e-01   2.1059490e-01   2.1059490e-01
   3.4987644e-01   2.1659448e-01   2.1659448e-01
   3.5847113e-01   2.2259407e-01   2.2259407e-01
   3.6706582e-01   2.2859365e-01   2.2859365e-01
   3.7509428e-01   2.3415463e-01   2.3415463e-01
   3.8294582e-01   2.3957857e-01   2.3957857e-01
   3.9079736e-01   2.4500250e-01   2.4500250e-01
   3.9864889e-01   2.5042644e-01   2.5042644e-01
   4.0608730e-01   2.5553907e-01   2.5553907e-01
   4.1336047e-01   2.6052719e-01   2.6052719e-01
   4.2063364e-01   2.6551531e-01   2.6551531e-01
   4.2790682e-01   2.7050343e-01   2.7050343e-01
   4.3486901e-01   2.7526112e-01   2.7526112e-01
   4.4167573e-01   2.7990361e-01   2.7990361e-01
   4.4848246e-01   2.8454610e-01   2.8454610e-01
   4.5528918e-01   2.8918858e-01   2.8918858e-01
   4.6185639e-01   2.9365656e-01   2.9365656e-01
   4.6827622e-01   2.9801715e-01   2.9801715e-01
   4.7469605e-01   3.0237774e-01   3.0237774e-01
   4.8111588e-01   3.0673833e-01   3.0673833e-01
   4.8734835e-01   3.1096381e-01   3.1096381e-01
   4.9344034e-01   3.1508797e-01   3.1508797e-01
   4.9953232e-01   3.1921213e-01   3.1921213e-01
   5.0562430e-01   3.2333628e-01   3.2333628e-01
   5.1156861e-01   3.2735496e-01   3.2735496e-01
   5.1737870e-01   3.3127776e-01   3.3127776e-01
   5.2318879e-01   3.3520057e-01   3.3520057e-01
   5.2899888e-01   3.3912337e-01   3.3912337e-01
   5.3469178e-01   3.4296287e-01   3.4296287e-01
   5.4025580e-01   3.4671076e-01   3.4671076e-01
   5.4581981e-01   3.5045865e-01   3.5045865e-01
   5.5138383e-01   3.5420653e-01   3.5420653e-01
   5.5685466e-01   3.5788887e-01   3.5788887e-01
   5.6220127e-01   3.6148383e-01   3.6148383e-01
   5.6754787e-01   3.6507878e-01   3.6507878e-01
   5.7289448e-01   3.6867374e-01   3.6867374e-01
   5.7816728e-01   3.7221692e-01   3.7221692e-01
   5.8332020e-01   3.7567600e-01   3.7567600e-01
   5.8847311e-01   3.7913507e-01   3.7913507e-01
   5.9362602e-01   3.8259415e-01   3.8259415e-01
   5.9872086e-01   3.8601278e-01   3.8601278e-01
   6.0369959e-01   3.8935055e-01   3.8935055e-01
   6.0867833e-01   3.9268831e-01   3.9268831e-01
   6.1365706e-01   3.9602608e-01   3.9602608e-01
   6.1859089e-01   3.9933250e-01   3.9933250e-01
   6.2341250e-01   4.0256058e-01   4.0256058e-01
   6.2823410e-01   4.0578865e-01   4.0578865e-01
   6.3305571e-01   4.0901672e-01   4.0901672e-01
   6.3784307e-01   4.1222109e-01   4.1222109e-01
   6.4252089e-01   4.1534959e-01   4.1534959e-01
   6.4719870e-01   4.1847810e-01   4.1847810e-01
   6.5187652e-01   4.2160661e-01   4.2160661e-01
   6.5652934e-01   4.2471789e-01   4.2471789e-01
   6.6107597e-01   4.2775598e-01   4.2775598e-01
   6.6562259e-01   4.3079406e-01   4.3079406e-01
   6.7016922e-01   4.3383215e-01   4.3383215e-01
   6.7469858e-01   4.3685830e-01   4.3685830e-01
   6.7912440e-01   4.3981288e-01   4.3981288e-01
   6.8355021e-01   4.4276746e-01   4.4276746e-01
   6.8797603e-01   4.4572204e-01   4.4572204e-01
   6.9239118e-01   4.4866932e-01   4.4866932e-01
   6.9670508e-01   4.5154731e-01   4.5154731e-01
   7.0101898e-01   4.5442530e-01   4.5442530e-01
   7.0533287e-01   4.5730329e-01   4.5730329e-01
   7.0964184e-01   4.6017789e-01   4.6017789e-01
   7.1385222e-01   4.6298472e-01   4.6298472e-01
   7.1806260e-01   4.6579156e-01   4.6579156e-01
   7.2227298e-01   4.6859840e-01   4.6859840e-01
   7.2648335e-01   4.7140523e-01   4.7140523e-01
   7.3059713e-01   4.7414586e-01   4.7414586e-01
   7.3471091e-01   4.7688649e-01   4.7688649e-01
   7.3882469e-01   4.7962711e-01   4.7962711e-01
   7.4293847e-01   4.8236774e-01   4.8236774e-01
   7.4696660e-01   4.8504977e-01   4.8504977e-01
   7.5099045e-01   4.8772888e-01   4.8772888e-01
   7.5501430e-01   4.9040799e-01   4.9040799e-01
   7.5903815e-01   4.9308710e-01   4.9308710e-01
   7.6097134e-01   4.9875354e-01   4.9571412e-01
   7.6268469e-01   5.0473410e-01   4.9833566e-01
   7.6439805e-01   5.1071466e-01   5.0095720e-01
   7.6611140e-01   5.1669522e-01   5.0357875e-01
   7.6781163e-01   5.2244662e-01   5.0615370e-01
   7.6950966e-01   5.2815986e-01   5.0872089e-01
   7.7120770e-01   5.3387310e-01   5.1128808e-01
   7.7290574e-01   5.3958634e-01   5.1385527e-01
   7.7459177e-01   5.4510956e-01   5.1638166e-01
   7.7627499e-01   5.5058809e-01   5.1889845e-01
   7.7795820e-01   5.5606663e-01   5.2141524e-01
   7.7964141e-01   5.6154516e-01   5.2393203e-01
   7.8131352e-01   5.6686537e-01   5.2641192e-01
   7.8298216e-01   5.7213613e-01   5.2888029e-01
   7.8465079e-01   5.7740689e-01   5.3134865e-01
   7.8631943e-01   5.8267765e-01   5.3381702e-01
   7.8797783e-01   5.8781568e-01   5.3625327e-01
   7.8963214e-01   5.9290065e-01   5.3867667e-01
   7.9128644e-01   5.9798562e-01   5.4110007e-01
   7.9294075e-01   6.0307059e-01   5.4352347e-01
   7.9458583e-01   6.0804387e-01   5.4591821e-01
   7.9622631e-01   6.1296133e-01   5.4829863e-01
   7.9786678e-01   6.1787879e-01   5.5067904e-01
   7.9950725e-01   6.2279626e-01   5.5305945e-01
   8.0113946e-01   6.2761964e-01   5.5541463e-01
   8.0276659e-01   6.3238517e-01   5.5775428e-01
   8.0439372e-01   6.3715069e-01   5.6009393e-01
   8.0602086e-01   6.4191621e-01   5.6243358e-01
   8.0764036e-01   6.4660266e-01   5.6475120e-01
   8.0925415e-01   6.5122983e-01   5.6705231e-01
   8.1086794e-01   6.5585700e-01   5.6935341e-01
   8.1248173e-01   6.6048417e-01   5.7165452e-01
   8.1408874e-01   6.6504439e-01   5.7393614e-01
   8.1568958e-01   6.6954380e-01   5.7620005e-01
   8.1729042e-01   6.7404320e-01   5.7846395e-01
   8.1889126e-01   6.7854261e-01   5.8072786e-01
   8.2048627e-01   6.8298628e-01   5.8297525e-01
   8.2207486e-01   6.8736861e-01   5.8520446e-01
   8.2366345e-01   6.9175094e-01   5.8743368e-01
   8.2525204e-01   6.9613328e-01   5.8966289e-01
   8.2683523e-01   7.0046914e-01   5.9187771e-01
   8.2841122e-01   7.0474302e-01   5.9407332e-01
   8.2998721e-01   7.0901689e-01   5.9626894e-01
   8.3156320e-01   7.1329077e-01   5.9846455e-01
   8.3313468e-01   7.1752625e-01   6.0064794e-01
   8.3469881e-01   7.2169933e-01   6.0281143e-01
   8.3626294e-01   7.2587240e-01   6.0497493e-01
   8.3782707e-01   7.3004548e-01   6.0713842e-01
   8.3938733e-01   7.3418719e-01   6.0929163e-01
   8.4093985e-01   7.3826613e-01   6.1142424e-01
   8.4249237e-01   7.4234508e-01   6.1355686e-01
   8.4404489e-01   7.4642402e-01   6.1568947e-01
   8.4559416e-01   7.5047792e-01   6.1781376e-01
   8.4713532e-01   7.5446916e-01   6.1991722e-01
   8.4867647e-01   7.5846040e-01   6.2202068e-01
   8.5021762e-01   7.6245164e-01   6.2412414e-01
   8.5175607e-01   7.6642318e-01   6.2622084e-01
   8.5328586e-01   7.7033165e-01   6.2829589e-01
   8.5481565e-01   7.7424013e-01   6.3037094e-01
   8.5634544e-01   7.7814860e-01   6.3244599e-01
   8.5787312e-01   7.8204231e-01   6.3451591e-01
   8.5939179e-01   7.8587321e-01   6.3656403e-01
   8.6091046e-01   7.8970410e-01   6.3861215e-01
   8.6242913e-01   7.9353500e-01   6.4066027e-01
   8.6394629e-01   7.9735546e-01   6.4270465e-01
   8.6545434e-01   8.0111323e-01   6.4472658e-01
   8.6696239e-01   8.0487100e-01   6.4674851e-01
   8.6847043e-01   8.0862876e-01   6.4877045e-01
   8.6997750e-01   8.1237997e-01   6.5078998e-01
   8.7147517e-01   8.1606881e-01   6.5278671e-01
   8.7297284e-01   8.1975765e-01   6.5478344e-01
   8.7447051e-01   8.2344649e-01   6.5678017e-01
   8.7596769e-01   8.2713221e-01   6.5877577e-01
   8.7745499e-01   8.3075533e-01   6.6074853e-01
   8.7894228e-01   8.3437845e-01   6.6272130e-01
   8.8042958e-01   8.3800157e-01   6.6469407e-01
   8.8191687e-01   8.4162469e-01   6.6666683e-01
   8.8339404e-01   8.4518605e-01   6.6861588e-01
   8.8487121e-01   8.4874741e-01   6.7056493e-01
   8.8634837e-01   8.5230877e-01   6.7251398e-01
   8.8782554e-01   8.5587012e-01   6.7446303e-01
   8.8929329e-01   8.5937525e-01   6.7639090e-01
   8.9076058e-01   8.6287756e-01   6.7831772e-01
   8.9222786e-01   8.6637987e-01   6.8024453e-01
   8.9369515e-01   8.6988218e-01   6.8217135e-01
   8.9515371e-01   8.7333353e-01   6.8407849e-01
   8.9661136e-01   8.7677951e-01   6.8598356e-01
   8.9806901e-01   8.8022549e-01   6.8788864e-01
   8.9952666e-01   8.8367147e-01   6.8979371e-01
   9.0097626e-01   8.8707171e-01   6.9168057e-01
   9.0242452e-01   8.9046432e-01   6.9356440e-01
   9.0387278e-01   8.9385694e-01   6.9544822e-01
   9.0532104e-01   8.9724955e-01   6.9733205e-01
   9.0676170e-01   9.0060077e-01   6.9919947e-01
   9.0820057e-01   9.0394225e-01   7.0106304e-01
   9.0963945e-01   9.0728372e-01   7.0292661e-01
   9.1107832e-01   9.1062519e-01   7.0479017e-01
   9.1251023e-01   9.1251023e-01   7.0936203e-01
   9.1393996e-01   9.1393996e-01   7.1478053e-01
   9.1536969e-01   9.1536969e-01   7.2019903e-01
   9.1679942e-01   9.1679942e-01   7.2561753e-01
   9.1822262e-01   9.1822262e-01   7.3092257e-01
   9.1964321e-01   9.1964321e-01   7.3618221e-01
   9.2106380e-01   9.2106380e-01   7.4144185e-01
   9.2248439e-01   9.2248439e-01   7.4670149e-01
   9.2389922e-01   9.2389922e-01   7.5186429e-01
   9.2531116e-01   9.2531116e-01   7.5697866e-01
   9.2672310e-01   9.2672310e-01   7.6209303e-01
   9.2813504e-01   9.2813504e-01   7.6720740e-01
   9.2954163e-01   9.2954163e-01   7.7223873e-01
   9.3094493e-01   9.3094493e-01   7.7721895e-01
   9.3234822e-01   9.3234822e-01   7.8219916e-01
   9.3375152e-01   9.3375152e-01   7.8717938e-01
   9.3515002e-01   9.3515002e-01   7.9208859e-01
   9.3654491e-01   9.3654491e-01   7.9694454e-01
   9.3793981e-01   9.3793981e-01   8.0180048e-01
   9.3933470e-01   9.3933470e-01   8.0665643e-01
   9.4072520e-01   9.4072520e-01   8.1145220e-01
   9.4211169e-01   9.4211169e-01   8.1619327e-01
   9.4349819e-01   9.4349819e-01   8.2093433e-01
   9.4488468e-01   9.4488468e-01   8.2567539e-01
   9.4626730e-01   9.4626730e-01   8.3036517e-01
   9.4764564e-01   9.4764564e-01   8.3499851e-01
   9.4902398e-01   9.4902398e-01   8.3963186e-01
   9.5040233e-01   9.5040233e-01   8.4426521e-01
   9.5177717e-01   9.5177717e-01   8.4885557e-01
   9.5314736e-01   9.5314736e-01   8.5338861e-01
   9.5451755e-01   9.5451755e-01   8.5792165e-01
   9.5588774e-01   9.5588774e-01   8.6245469e-01
   9.5725492e-01   9.5725492e-01   8.6695196e-01
   9.5861720e-01   9.5861720e-01   8.7139112e-01
   9.5997949e-01   9.5997949e-01   8.7583028e-01
   9.6134177e-01   9.6134177e-01   8.8026944e-01
   9.6270150e-01   9.6270150e-01   8.8467895e-01
   9.6405613e-01   9.6405613e-01   8.8902916e-01
   9.6541075e-01   9.6541075e-01   8.9337938e-01
   9.6676538e-01   9.6676538e-01   8.9772960e-01
   9.6811781e-01   9.6811781e-01   9.0205610e-01
   9.6946478e-01   9.6946478e-01   9.0632330e-01
   9.7081175e-01   9.7081175e-01   9.1059051e-01
   9.7215871e-01   9.7215871e-01   9.1485771e-01
   9.7350391e-01   9.7350391e-01   9.1910609e-01
   9.7484347e-01   9.7484347e-01   9.2329424e-01
   9.7618302e-01   9.7618302e-01   9.2748238e-01
   9.7752258e-01   9.7752258e-01   9.3167053e-01
   9.7886072e-01   9.7886072e-01   9.3584446e-01
   9.8019286e-01   9.8019286e-01   9.3995800e-01
   9.8152500e-01   9.8152500e-01   9.4407153e-01
   9.8285715e-01   9.8285715e-01   9.4818506e-01
   9.8418823e-01   9.8418823e-01   9.5228850e-01
   9.8551296e-01   9.8551296e-01   9.5633138e-01
   9.8683769e-01   9.8683769e-01   9.6037425e-01
   9.8816242e-01   9.8816242e-01   9.6441713e-01
   9.8948650e-01   9.8948650e-01   9.6845360e-01
   9.9080431e-01   9.9080431e-01   9.7242928e-01
   9.9212212e-01   9.9212212e-01   9.7640495e-01
   9.9343993e-01   9.9343993e-01   9.8038063e-01
   9.9475741e-01   9.9475741e-01   9.8435325e-01
   9.9606805e-01   9.9606805e-01   9.8826494e-01
   9.9737870e-01   9.9737870e-01   9.9217663e-01
   9.9868935e-01   9.9868935e-01   9.9608831e-01
   1.0000000e+00   1.0000000e+00   1.0000000e+00
