   5.5686275e-01   3.9215686e-03   3.2156863e-01
   5.6532103e-01   7.9200308e-03   3.2818147e-01
   5.7377932e-01   1.1918493e-02   3.3479431e-01
   5.8223760e-01   1.5916955e-02   3.4140715e-01
   5.9069589e-01   1.9915417e-02   3.4801999e-01
   5.9915417e-01   2.3913879e-02   3.5463283e-01
   6.0761246e-01   2.7912341e-02   3.6124567e-01
   6.1607074e-01   3.1910804e-02   3.6785852e-01
   6.2452903e-01   3.5909266e-02   3.7447136e-01
   6.3298731e-01   3.9907728e-02   3.8108420e-01
   6.4144560e-01   4.3906190e-02   3.8769704e-01
   6.4990388e-01   4.7904652e-02   3.9430988e-01
   6.5836217e-01   5.1903114e-02   4.0092272e-01
   6.6682045e-01   5.5901576e-02   4.0753556e-01
   6.7527874e-01   5.9900038e-02   4.1414840e-01
   6.8373702e-01   6.3898501e-02   4.2076125e-01
   6.9219531e-01   6.7896963e-02   4.2737409e-01
   7.0065359e-01   7.1895425e-02   4.3398693e-01
   7.0911188e-01   7.5893887e-02   4.4059977e-01
   7.1757017e-01   7.9892349e-02   4.4721261e-01
   7.2602845e-01   8.3890811e-02   4.5382545e-01
   7.3448674e-01   8.7889273e-02   4.6043829e-01
   7.4294502e-01   9.1887735e-02   4.6705113e-01
   7.5140331e-01   9.5886198e-02   4.7366398e-01
   7.5986159e-01   9.9884660e-02   4.8027682e-01
   7.6831988e-01   1.0388312e-01   4.8688966e-01
   7.7447136e-01   1.1295656e-01   4.9396386e-01
   7.7831603e-01   1.2710496e-01   5.0149942e-01
   7.8216071e-01   1.4125336e-01   5.0903499e-01
   7.8600538e-01   1.5540177e-01   5.1657055e-01
   7.8985006e-01   1.6955017e-01   5.2410611e-01
   7.9369473e-01   1.8369858e-01   5.3164168e-01
   7.9753941e-01   1.9784698e-01   5.3917724e-01
   8.0138408e-01   2.1199539e-01   5.4671280e-01
   8.0522876e-01   2.2614379e-01   5.5424837e-01
   8.0907343e-01   2.4029220e-01   5.6178393e-01
   8.1291811e-01   2.5444060e-01   5.6931949e-01
   8.1676278e-01   2.6858900e-01   5.7685506e-01
   8.2060746e-01   2.8273741e-01   5.8439062e-01
   8.2445213e-01   2.9688581e-01   5.9192618e-01
   8.2829681e-01   3.1103422e-01   5.9946175e-01
   8.3214148e-01   3.2518262e-01   6.0699731e-01
   8.3598616e-01   3.3933103e-01   6.1453287e-01
   8.3983083e-01   3.5347943e-01   6.2206844e-01
   8.4367551e-01   3.6762784e-01   6.2960400e-01
   8.4752018e-01   3.8177624e-01   6.3713956e-01
   8.5136486e-01   3.9592464e-01   6.4467512e-01
   8.5520953e-01   4.1007305e-01   6.5221069e-01
   8.5905421e-01   4.2422145e-01   6.5974625e-01
   8.6289889e-01   4.3836986e-01   6.6728181e-01
   8.6674356e-01   4.5251826e-01   6.7481738e-01
   8.7058824e-01   4.6666667e-01   6.8235294e-01
   8.7351019e-01   4.7635525e-01   6.8911957e-01
   8.7643214e-01   4.8604383e-01   6.9588620e-01
   8.7935409e-01   4.9573241e-01   7.0265283e-01
   8.8227605e-01   5.0542099e-01   7.0941945e-01
   8.8519800e-01   5.1510957e-01   7.1618608e-01
   8.8811995e-01   5.2479815e-01   7.2295271e-01
   8.9104191e-01   5.3448674e-01   7.2971934e-01
   8.9396386e-01   5.4417532e-01   7.3648597e-01
   8.9688581e-01   5.5386390e-01   7.4325260e-01
   8.9980777e-01   5.6355248e-01   7.5001922e-01
   9.0272972e-01   5.7324106e-01   7.5678585e-01
   9.0565167e-01   5.8292964e-01   7.6355248e-01
   9.0857363e-01   5.9261822e-01   7.7031911e-01
   9.1149558e-01   6.0230681e-01   7.7708574e-01
   9.1441753e-01   6.1199539e-01   7.8385236e-01
   9.1733948e-01   6.2168397e-01   7.9061899e-01
   9.2026144e-01   6.3137255e-01   7.9738562e-01
   9.2318339e-01   6.4106113e-01   8.0415225e-01
   9.2610534e-01   6.5074971e-01   8.1091888e-01
   9.2902730e-01   6.6043829e-01   8.1768551e-01
   9.3194925e-01   6.7012687e-01   8.2445213e-01
   9.3487120e-01   6.7981546e-01   8.3121876e-01
   9.3779316e-01   6.8950404e-01   8.3798539e-01
   9.4071511e-01   6.9919262e-01   8.4475202e-01
   9.4363706e-01   7.0888120e-01   8.5151865e-01
   9.4602076e-01   7.1695502e-01   8.5651672e-01
   9.4786621e-01   7.2341407e-01   8.5974625e-01
   9.4971165e-01   7.2987313e-01   8.6297578e-01
   9.5155709e-01   7.3633218e-01   8.6620531e-01
   9.5340254e-01   7.4279123e-01   8.6943483e-01
   9.5524798e-01   7.4925029e-01   8.7266436e-01
   9.5709343e-01   7.5570934e-01   8.7589389e-01
   9.5893887e-01   7.6216840e-01   8.7912341e-01
   9.6078431e-01   7.6862745e-01   8.8235294e-01
   9.6262976e-01   7.7508651e-01   8.8558247e-01
   9.6447520e-01   7.8154556e-01   8.8881200e-01
   9.6632065e-01   7.8800461e-01   8.9204152e-01
   9.6816609e-01   7.9446367e-01   8.9527105e-01
   9.7001153e-01   8.0092272e-01   8.9850058e-01
   9.7185698e-01   8.0738178e-01   9.0173010e-01
   9.7370242e-01   8.1384083e-01   9.0495963e-01
   9.7554787e-01   8.2029988e-01   9.0818916e-01
   9.7739331e-01   8.2675894e-01   9.1141869e-01
   9.7923875e-01   8.3321799e-01   9.1464821e-01
   9.8108420e-01   8.3967705e-01   9.1787774e-01
   9.8292964e-01   8.4613610e-01   9.2110727e-01
   9.8477509e-01   8.5259516e-01   9.2433679e-01
   9.8662053e-01   8.5905421e-01   9.2756632e-01
   9.8846597e-01   8.6551326e-01   9.3079585e-01
   9.9031142e-01   8.7197232e-01   9.3402537e-01
   9.9215686e-01   8.7843137e-01   9.3725490e-01
   9.9123414e-01   8.8196847e-01   9.3848520e-01
   9.9031142e-01   8.8550557e-01   9.3971549e-01
   9.8938870e-01   8.8904268e-01   9.4094579e-01
   9.8846597e-01   8.9257978e-01   9.4217609e-01
   9.8754325e-01   8.9611688e-01   9.4340638e-01
   9.8662053e-01   8.9965398e-01   9.4463668e-01
   9.8569781e-01   9.0319108e-01   9.4586697e-01
   9.8477509e-01   9.0672818e-01   9.4709727e-01
   9.8385236e-01   9.1026528e-01   9.4832757e-01
   9.8292964e-01   9.1380238e-01   9.4955786e-01
   9.8200692e-01   9.1733948e-01   9.5078816e-01
   9.8108420e-01   9.2087659e-01   9.5201845e-01
   9.8016148e-01   9.2441369e-01   9.5324875e-01
   9.7923875e-01   9.2795079e-01   9.5447905e-01
   9.7831603e-01   9.3148789e-01   9.5570934e-01
   9.7739331e-01   9.3502499e-01   9.5693964e-01
   9.7647059e-01   9.3856209e-01   9.5816993e-01
   9.7554787e-01   9.4209919e-01   9.5940023e-01
   9.7462514e-01   9.4563629e-01   9.6063053e-01
   9.7370242e-01   9.4917339e-01   9.6186082e-01
   9.7277970e-01   9.5271050e-01   9.6309112e-01
   9.7185698e-01   9.5624760e-01   9.6432141e-01
   9.7093426e-01   9.5978470e-01   9.6555171e-01
   9.7001153e-01   9.6332180e-01   9.6678201e-01
   9.6908881e-01   9.6685890e-01   9.6801230e-01
   9.6732026e-01   9.6847366e-01   9.6562860e-01
   9.6470588e-01   9.6816609e-01   9.5963091e-01
   9.6209150e-01   9.6785852e-01   9.5363322e-01
   9.5947712e-01   9.6755094e-01   9.4763552e-01
   9.5686275e-01   9.6724337e-01   9.4163783e-01
   9.5424837e-01   9.6693579e-01   9.3564014e-01
   9.5163399e-01   9.6662822e-01   9.2964245e-01
   9.4901961e-01   9.6632065e-01   9.2364475e-01
   9.4640523e-01   9.6601307e-01   9.1764706e-01
   9.4379085e-01   9.6570550e-01   9.1164937e-01
   9.4117647e-01   9.6539792e-01   9.0565167e-01
   9.3856209e-01   9.6509035e-01   8.9965398e-01
   9.3594771e-01   9.6478278e-01   8.9365629e-01
   9.3333333e-01   9.6447520e-01   8.8765859e-01
   9.3071895e-01   9.6416763e-01   8.8166090e-01
   9.2810458e-01   9.6386005e-01   8.7566321e-01
   9.2549020e-01   9.6355248e-01   8.6966551e-01
   9.2287582e-01   9.6324491e-01   8.6366782e-01
   9.2026144e-01   9.6293733e-01   8.5767013e-01
   9.1764706e-01   9.6262976e-01   8.5167243e-01
   9.1503268e-01   9.6232218e-01   8.4567474e-01
   9.1241830e-01   9.6201461e-01   8.3967705e-01
   9.0980392e-01   9.6170704e-01   8.3367935e-01
   9.0718954e-01   9.6139946e-01   8.2768166e-01
   9.0457516e-01   9.6109189e-01   8.2168397e-01
   9.0196078e-01   9.6078431e-01   8.1568627e-01
   8.9488658e-01   9.5770857e-01   8.0430604e-01
   8.8781238e-01   9.5463283e-01   7.9292580e-01
   8.8073818e-01   9.5155709e-01   7.8154556e-01
   8.7366398e-01   9.4848135e-01   7.7016532e-01
   8.6658977e-01   9.4540561e-01   7.5878508e-01
   8.5951557e-01   9.4232987e-01   7.4740484e-01
   8.5244137e-01   9.3925413e-01   7.3602461e-01
   8.4536717e-01   9.3617839e-01   7.2464437e-01
   8.3829296e-01   9.3310265e-01   7.1326413e-01
   8.3121876e-01   9.3002691e-01   7.0188389e-01
   8.2414456e-01   9.2695117e-01   6.9050365e-01
   8.1707036e-01   9.2387543e-01   6.7912341e-01
   8.0999616e-01   9.2079969e-01   6.6774318e-01
   8.0292195e-01   9.1772395e-01   6.5636294e-01
   7.9584775e-01   9.1464821e-01   6.4498270e-01
   7.8877355e-01   9.1157247e-01   6.3360246e-01
   7.8169935e-01   9.0849673e-01   6.2222222e-01
   7.7462514e-01   9.0542099e-01   6.1084198e-01
   7.6755094e-01   9.0234525e-01   5.9946175e-01
   7.6047674e-01   8.9926951e-01   5.8808151e-01
   7.5340254e-01   8.9619377e-01   5.7670127e-01
   7.4632834e-01   8.9311803e-01   5.6532103e-01
   7.3925413e-01   8.9004229e-01   5.5394079e-01
   7.3217993e-01   8.8696655e-01   5.4256055e-01
   7.2510573e-01   8.8389081e-01   5.3118032e-01
   7.1718570e-01   8.7950788e-01   5.2018454e-01
   7.0841984e-01   8.7381776e-01   5.0957324e-01
   6.9965398e-01   8.6812764e-01   4.9896194e-01
   6.9088812e-01   8.6243752e-01   4.8835063e-01
   6.8212226e-01   8.5674740e-01   4.7773933e-01
   6.7335640e-01   8.5105729e-01   4.6712803e-01
   6.6459054e-01   8.4536717e-01   4.5651672e-01
   6.5582468e-01   8.3967705e-01   4.4590542e-01
   6.4705882e-01   8.3398693e-01   4.3529412e-01
   6.3829296e-01   8.2829681e-01   4.2468281e-01
   6.2952710e-01   8.2260669e-01   4.1407151e-01
   6.2076125e-01   8.1691657e-01   4.0346021e-01
   6.1199539e-01   8.1122645e-01   3.9284890e-01
   6.0322953e-01   8.0553633e-01   3.8223760e-01
   5.9446367e-01   7.9984621e-01   3.7162630e-01
   5.8569781e-01   7.9415609e-01   3.6101499e-01
   5.7693195e-01   7.8846597e-01   3.5040369e-01
   5.6816609e-01   7.8277586e-01   3.3979239e-01
   5.5940023e-01   7.7708574e-01   3.2918108e-01
   5.5063437e-01   7.7139562e-01   3.1856978e-01
   5.4186851e-01   7.6570550e-01   3.0795848e-01
   5.3310265e-01   7.6001538e-01   2.9734717e-01
   5.2433679e-01   7.5432526e-01   2.8673587e-01
   5.1557093e-01   7.4863514e-01   2.7612457e-01
   5.0680507e-01   7.4294502e-01   2.6551326e-01
   4.9803922e-01   7.3725490e-01   2.5490196e-01
   4.9034987e-01   7.3079585e-01   2.4998078e-01
   4.8266052e-01   7.2433679e-01   2.4505959e-01
   4.7497116e-01   7.1787774e-01   2.4013841e-01
   4.6728181e-01   7.1141869e-01   2.3521722e-01
   4.5959246e-01   7.0495963e-01   2.3029604e-01
   4.5190311e-01   6.9850058e-01   2.2537486e-01
   4.4421376e-01   6.9204152e-01   2.2045367e-01
   4.3652441e-01   6.8558247e-01   2.1553249e-01
   4.2883506e-01   6.7912341e-01   2.1061130e-01
   4.2114571e-01   6.7266436e-01   2.0569012e-01
   4.1345636e-01   6.6620531e-01   2.0076894e-01
   4.0576701e-01   6.5974625e-01   1.9584775e-01
   3.9807766e-01   6.5328720e-01   1.9092657e-01
   3.9038831e-01   6.4682814e-01   1.8600538e-01
   3.8269896e-01   6.4036909e-01   1.8108420e-01
   3.7500961e-01   6.3391003e-01   1.7616301e-01
   3.6732026e-01   6.2745098e-01   1.7124183e-01
   3.5963091e-01   6.2099193e-01   1.6632065e-01
   3.5194156e-01   6.1453287e-01   1.6139946e-01
   3.4425221e-01   6.0807382e-01   1.5647828e-01
   3.3656286e-01   6.0161476e-01   1.5155709e-01
   3.2887351e-01   5.9515571e-01   1.4663591e-01
   3.2118416e-01   5.8869666e-01   1.4171473e-01
   3.1349481e-01   5.8223760e-01   1.3679354e-01
   3.0580546e-01   5.7577855e-01   1.3187236e-01
   2.9903883e-01   5.6901192e-01   1.2879662e-01
   2.9319493e-01   5.6193772e-01   1.2756632e-01
   2.8735102e-01   5.5486351e-01   1.2633602e-01
   2.8150711e-01   5.4778931e-01   1.2510573e-01
   2.7566321e-01   5.4071511e-01   1.2387543e-01
   2.6981930e-01   5.3364091e-01   1.2264514e-01
   2.6397539e-01   5.2656671e-01   1.2141484e-01
   2.5813149e-01   5.1949250e-01   1.2018454e-01
   2.5228758e-01   5.1241830e-01   1.1895425e-01
   2.4644368e-01   5.0534410e-01   1.1772395e-01
   2.4059977e-01   4.9826990e-01   1.1649366e-01
   2.3475586e-01   4.9119569e-01   1.1526336e-01
   2.2891196e-01   4.8412149e-01   1.1403306e-01
   2.2306805e-01   4.7704729e-01   1.1280277e-01
   2.1722414e-01   4.6997309e-01   1.1157247e-01
   2.1138024e-01   4.6289889e-01   1.1034218e-01
   2.0553633e-01   4.5582468e-01   1.0911188e-01
   1.9969243e-01   4.4875048e-01   1.0788158e-01
   1.9384852e-01   4.4167628e-01   1.0665129e-01
   1.8800461e-01   4.3460208e-01   1.0542099e-01
   1.8216071e-01   4.2752787e-01   1.0419070e-01
   1.7631680e-01   4.2045367e-01   1.0296040e-01
   1.7047290e-01   4.1337947e-01   1.0173010e-01
   1.6462899e-01   4.0630527e-01   1.0049981e-01
   1.5878508e-01   3.9923106e-01   9.9269512e-02
   1.5294118e-01   3.9215686e-01   9.8039216e-02
