   5.0383000e-02   2.9803000e-02   5.2797500e-01
   6.3536000e-02   2.8426000e-02   5.3312400e-01
   7.5353000e-02   2.7206000e-02   5.3800700e-01
   8.6222000e-02   2.6125000e-02   5.4265800e-01
   9.6379000e-02   2.5165000e-02   5.4710300e-01
   1.0598000e-01   2.4309000e-02   5.5136800e-01
   1.1512400e-01   2.3556000e-02   5.5546800e-01
   1.2390300e-01   2.2878000e-02   5.5942300e-01
   1.3238100e-01   2.2258000e-02   5.6325000e-01
   1.4060300e-01   2.1687000e-02   5.6695900e-01
   1.4860700e-01   2.1154000e-02   5.7056200e-01
   1.5642100e-01   2.0651000e-02   5.7406500e-01
   1.6407000e-01   2.0171000e-02   5.7747800e-01
   1.7157400e-01   1.9706000e-02   5.8080600e-01
   1.7895000e-01   1.9252000e-02   5.8405400e-01
   1.8621300e-01   1.8803000e-02   5.8722800e-01
   1.9337400e-01   1.8354000e-02   5.9033000e-01
   2.0044500e-01   1.7902000e-02   5.9336400e-01
   2.0743500e-01   1.7442000e-02   5.9633300e-01
   2.1435000e-01   1.6973000e-02   5.9923900e-01
   2.2119700e-01   1.6497000e-02   6.0208300e-01
   2.2798300e-01   1.6007000e-02   6.0486700e-01
   2.3471500e-01   1.5502000e-02   6.0759200e-01
   2.4139600e-01   1.4979000e-02   6.1025900e-01
   2.4803200e-01   1.4439000e-02   6.1286800e-01
   2.5462700e-01   1.3882000e-02   6.1541900e-01
   2.6118300e-01   1.3308000e-02   6.1791100e-01
   2.6770300e-01   1.2716000e-02   6.2034600e-01
   2.7419100e-01   1.2109000e-02   6.2272200e-01
   2.8064800e-01   1.1488000e-02   6.2503800e-01
   2.8707600e-01   1.0855000e-02   6.2729500e-01
   2.9347800e-01   1.0213000e-02   6.2949000e-01
   2.9985500e-01   9.5610000e-03   6.3162400e-01
   3.0621000e-01   8.9020000e-03   6.3369400e-01
   3.1254300e-01   8.2390000e-03   6.3570000e-01
   3.1885600e-01   7.5760000e-03   6.3764000e-01
   3.2515000e-01   6.9150000e-03   6.3951200e-01
   3.3142600e-01   6.2610000e-03   6.4131600e-01
   3.3768300e-01   5.6180000e-03   6.4304900e-01
   3.4392500e-01   4.9910000e-03   6.4471000e-01
   3.5015000e-01   4.3820000e-03   6.4629800e-01
   3.5635900e-01   3.7980000e-03   6.4781000e-01
   3.6255300e-01   3.2430000e-03   6.4924500e-01
   3.6873300e-01   2.7240000e-03   6.5060100e-01
   3.7489700e-01   2.2450000e-03   6.5187600e-01
   3.8104700e-01   1.8140000e-03   6.5306800e-01
   3.8718300e-01   1.4340000e-03   6.5417700e-01
   3.9330400e-01   1.1140000e-03   6.5519900e-01
   3.9941100e-01   8.5900000e-04   6.5613300e-01
   4.0550300e-01   6.7800000e-04   6.5697700e-01
   4.1158000e-01   5.7700000e-04   6.5773000e-01
   4.1764200e-01   5.6400000e-04   6.5839000e-01
   4.2368900e-01   6.4600000e-04   6.5895600e-01
   4.2971900e-01   8.3100000e-04   6.5942500e-01
   4.3573400e-01   1.1270000e-03   6.5979700e-01
   4.4173200e-01   1.5400000e-03   6.6006900e-01
   4.4771400e-01   2.0800000e-03   6.6024000e-01
   4.5367700e-01   2.7550000e-03   6.6031000e-01
   4.5962300e-01   3.5740000e-03   6.6027700e-01
   4.6555000e-01   4.5450000e-03   6.6013900e-01
   4.7145700e-01   5.6780000e-03   6.5989700e-01
   4.7734400e-01   6.9800000e-03   6.5954900e-01
   4.8321000e-01   8.4600000e-03   6.5909500e-01
   4.8905500e-01   1.0127000e-02   6.5853400e-01
   4.9487700e-01   1.1990000e-02   6.5786500e-01
   5.0067800e-01   1.4055000e-02   6.5708800e-01
   5.0645400e-01   1.6333000e-02   6.5620200e-01
   5.1220600e-01   1.8833000e-02   6.5520900e-01
   5.1793300e-01   2.1563000e-02   6.5410900e-01
   5.2363300e-01   2.4532000e-02   6.5290100e-01
   5.2930600e-01   2.7747000e-02   6.5158600e-01
   5.3495200e-01   3.1217000e-02   6.5016500e-01
   5.4057000e-01   3.4950000e-02   6.4864000e-01
   5.4615700e-01   3.8954000e-02   6.4701000e-01
   5.5171500e-01   4.3136000e-02   6.4527700e-01
   5.5724300e-01   4.7331000e-02   6.4344300e-01
   5.6273800e-01   5.1545000e-02   6.4150900e-01
   5.6820100e-01   5.5778000e-02   6.3947700e-01
   5.7363200e-01   6.0028000e-02   6.3734900e-01
   5.7902900e-01   6.4296000e-02   6.3512600e-01
   5.8439100e-01   6.8579000e-02   6.3281200e-01
   5.8971900e-01   7.2878000e-02   6.3040800e-01
   5.9501100e-01   7.7190000e-02   6.2791700e-01
   6.0026600e-01   8.1516000e-02   6.2534200e-01
   6.0548500e-01   8.5854000e-02   6.2268600e-01
   6.1066700e-01   9.0204000e-02   6.1995100e-01
   6.1581200e-01   9.4564000e-02   6.1714000e-01
   6.2091900e-01   9.8934000e-02   6.1425700e-01
   6.2598700e-01   1.0331200e-01   6.1130500e-01
   6.3101700e-01   1.0769900e-01   6.0828700e-01
   6.3600800e-01   1.1209200e-01   6.0520500e-01
   6.4095900e-01   1.1649200e-01   6.0206500e-01
   6.4587200e-01   1.2089800e-01   5.9886700e-01
   6.5074600e-01   1.2530900e-01   5.9561700e-01
   6.5558000e-01   1.2972500e-01   5.9231700e-01
   6.6037400e-01   1.3414400e-01   5.8897100e-01
   6.6512900e-01   1.3856600e-01   5.8558200e-01
   6.6984500e-01   1.4299200e-01   5.8215400e-01
   6.7452200e-01   1.4741900e-01   5.7868800e-01
   6.7916000e-01   1.5184800e-01   5.7518900e-01
   6.8375800e-01   1.5627800e-01   5.7166000e-01
   6.8831800e-01   1.6070900e-01   5.6810300e-01
   6.9284000e-01   1.6514100e-01   5.6452200e-01
   6.9732400e-01   1.6957300e-01   5.6091900e-01
   7.0176900e-01   1.7400500e-01   5.5729600e-01
   7.0617800e-01   1.7843700e-01   5.5365700e-01
   7.1054900e-01   1.8286800e-01   5.5000400e-01
   7.1488300e-01   1.8729900e-01   5.4633800e-01
   7.1918100e-01   1.9172900e-01   5.4266300e-01
   7.2344400e-01   1.9615800e-01   5.3898100e-01
   7.2767000e-01   2.0058600e-01   5.3529300e-01
   7.3186200e-01   2.0501300e-01   5.3160100e-01
   7.3601900e-01   2.0943900e-01   5.2790800e-01
   7.4014300e-01   2.1386400e-01   5.2421600e-01
   7.4423200e-01   2.1828800e-01   5.2052400e-01
   7.4828900e-01   2.2271100e-01   5.1683400e-01
   7.5231200e-01   2.2713300e-01   5.1314900e-01
   7.5630400e-01   2.3155500e-01   5.0946800e-01
   7.6026400e-01   2.3597600e-01   5.0579400e-01
   7.6419300e-01   2.4039600e-01   5.0212600e-01
   7.6809000e-01   2.4481700e-01   4.9846500e-01
   7.7195800e-01   2.4923700e-01   4.9481300e-01
   7.7579600e-01   2.5365800e-01   4.9117100e-01
   7.7960400e-01   2.5807800e-01   4.8753900e-01
   7.8338300e-01   2.6250000e-01   4.8391800e-01
   7.8713300e-01   2.6692200e-01   4.8030700e-01
   7.9085500e-01   2.7134500e-01   4.7670600e-01
   7.9454900e-01   2.7577000e-01   4.7311700e-01
   7.9821600e-01   2.8019700e-01   4.6953800e-01
   8.0185500e-01   2.8462600e-01   4.6597100e-01
   8.0546700e-01   2.8905700e-01   4.6241500e-01
   8.0905200e-01   2.9349100e-01   4.5887000e-01
   8.1261200e-01   2.9792800e-01   4.5533800e-01
   8.1614400e-01   3.0236800e-01   4.5181600e-01
   8.1965100e-01   3.0681200e-01   4.4830600e-01
   8.2313200e-01   3.1126100e-01   4.4480600e-01
   8.2658800e-01   3.1571400e-01   4.4131600e-01
   8.3001800e-01   3.2017200e-01   4.3783600e-01
   8.3342200e-01   3.2463500e-01   4.3436600e-01
   8.3680100e-01   3.2910500e-01   4.3090500e-01
   8.4015500e-01   3.3358000e-01   4.2745500e-01
   8.4348400e-01   3.3806200e-01   4.2401300e-01
   8.4678800e-01   3.4255100e-01   4.2057900e-01
   8.5006600e-01   3.4704800e-01   4.1715300e-01
   8.5331900e-01   3.5155300e-01   4.1373400e-01
   8.5654700e-01   3.5606600e-01   4.1032200e-01
   8.5975000e-01   3.6058800e-01   4.0691700e-01
   8.6292700e-01   3.6511900e-01   4.0351900e-01
   8.6607800e-01   3.6966000e-01   4.0012600e-01
   8.6920300e-01   3.7421200e-01   3.9673800e-01
   8.7230300e-01   3.7877400e-01   3.9335500e-01
   8.7537600e-01   3.8334700e-01   3.8997600e-01
   8.7842300e-01   3.8793200e-01   3.8660000e-01
   8.8144300e-01   3.9252900e-01   3.8322900e-01
   8.8443600e-01   3.9713900e-01   3.7986000e-01
   8.8740200e-01   4.0176200e-01   3.7649400e-01
   8.9034000e-01   4.0639800e-01   3.7313000e-01
   8.9325000e-01   4.1104800e-01   3.6976800e-01
   8.9613100e-01   4.1571200e-01   3.6640700e-01
   8.9898400e-01   4.2039200e-01   3.6304700e-01
   9.0180700e-01   4.2508700e-01   3.5968800e-01
   9.0460100e-01   4.2979700e-01   3.5632900e-01
   9.0736500e-01   4.3452400e-01   3.5297000e-01
   9.1009800e-01   4.3926800e-01   3.4961000e-01
   9.1280000e-01   4.4402900e-01   3.4625100e-01
   9.1547100e-01   4.4880700e-01   3.4289000e-01
   9.1810900e-01   4.5360300e-01   3.3952900e-01
   9.2071400e-01   4.5841700e-01   3.3616600e-01
   9.2328700e-01   4.6325100e-01   3.3280100e-01
   9.2582500e-01   4.6810300e-01   3.2943500e-01
   9.2832900e-01   4.7297500e-01   3.2606700e-01
   9.3079800e-01   4.7786700e-01   3.2269700e-01
   9.3323200e-01   4.8278000e-01   3.1932500e-01
   9.3563000e-01   4.8771200e-01   3.1595200e-01
   9.3799000e-01   4.9266700e-01   3.1257500e-01
   9.4031300e-01   4.9764200e-01   3.0919700e-01
   9.4259800e-01   5.0263900e-01   3.0581600e-01
   9.4484400e-01   5.0765800e-01   3.0243300e-01
   9.4705100e-01   5.1269900e-01   2.9904900e-01
   9.4921700e-01   5.1776300e-01   2.9566200e-01
   9.5134400e-01   5.2285000e-01   2.9227500e-01
   9.5342800e-01   5.2796000e-01   2.8888300e-01
   9.5547000e-01   5.3309300e-01   2.8549000e-01
   9.5746900e-01   5.3825000e-01   2.8209600e-01
   9.5942400e-01   5.4343100e-01   2.7870100e-01
   9.6133600e-01   5.4863600e-01   2.7530500e-01
   9.6320300e-01   5.5386500e-01   2.7190900e-01
   9.6502400e-01   5.5911800e-01   2.6851300e-01
   9.6679800e-01   5.6439600e-01   2.6511800e-01
   9.6852600e-01   5.6970000e-01   2.6172100e-01
   9.7020500e-01   5.7502800e-01   2.5832500e-01
   9.7183500e-01   5.8038200e-01   2.5493100e-01
   9.7341600e-01   5.8576100e-01   2.5154000e-01
   9.7494700e-01   5.9116500e-01   2.4815100e-01
   9.7642800e-01   5.9659500e-01   2.4476700e-01
   9.7785600e-01   6.0205100e-01   2.4138700e-01
   9.7923300e-01   6.0753200e-01   2.3801300e-01
   9.8055600e-01   6.1303900e-01   2.3464600e-01
   9.8182600e-01   6.1857200e-01   2.3128700e-01
   9.8304100e-01   6.2413100e-01   2.2793700e-01
   9.8419900e-01   6.2971800e-01   2.2459500e-01
   9.8530100e-01   6.3533000e-01   2.2126500e-01
   9.8634500e-01   6.4096900e-01   2.1794800e-01
   9.8733200e-01   6.4663300e-01   2.1464800e-01
   9.8826000e-01   6.5232500e-01   2.1136400e-01
   9.8912800e-01   6.5804300e-01   2.0810000e-01
   9.8993500e-01   6.6378700e-01   2.0485900e-01
   9.9068100e-01   6.6955800e-01   2.0164200e-01
   9.9136500e-01   6.7535500e-01   1.9845300e-01
   9.9198500e-01   6.8117900e-01   1.9529500e-01
   9.9254100e-01   6.8703000e-01   1.9217000e-01
   9.9303200e-01   6.9290700e-01   1.8908400e-01
   9.9345600e-01   6.9881000e-01   1.8604100e-01
   9.9381400e-01   7.0474100e-01   1.8304300e-01
   9.9410300e-01   7.1069800e-01   1.8009700e-01
   9.9432400e-01   7.1668100e-01   1.7720800e-01
   9.9447400e-01   7.2269100e-01   1.7438100e-01
   9.9455300e-01   7.2872800e-01   1.7162200e-01
   9.9456100e-01   7.3479100e-01   1.6893800e-01
   9.9449500e-01   7.4088000e-01   1.6633500e-01
   9.9435500e-01   7.4699500e-01   1.6382100e-01
   9.9414100e-01   7.5313700e-01   1.6140400e-01
   9.9385100e-01   7.5930400e-01   1.5909200e-01
   9.9348200e-01   7.6549900e-01   1.5689100e-01
   9.9303300e-01   7.7172000e-01   1.5480800e-01
   9.9250500e-01   7.7796700e-01   1.5285500e-01
   9.9189700e-01   7.8423900e-01   1.5104200e-01
   9.9120900e-01   7.9053700e-01   1.4937700e-01
   9.9043900e-01   7.9685900e-01   1.4787000e-01
   9.8958700e-01   8.0320500e-01   1.4652900e-01
   9.8864800e-01   8.0957900e-01   1.4535700e-01
   9.8762100e-01   8.1597800e-01   1.4436300e-01
   9.8650900e-01   8.2240100e-01   1.4355700e-01
   9.8531400e-01   8.2884600e-01   1.4294500e-01
   9.8403100e-01   8.3531500e-01   1.4252800e-01
   9.8265300e-01   8.4181200e-01   1.4230300e-01
   9.8119000e-01   8.4832900e-01   1.4227900e-01
   9.7964400e-01   8.5486600e-01   1.4245300e-01
   9.7799500e-01   8.6143200e-01   1.4280800e-01
   9.7626500e-01   8.6801600e-01   1.4335100e-01
   9.7444300e-01   8.7462200e-01   1.4406100e-01
   9.7253000e-01   8.8125000e-01   1.4492300e-01
   9.7053300e-01   8.8789600e-01   1.4591900e-01
   9.6844300e-01   8.9456400e-01   1.4701400e-01
   9.6627100e-01   9.0124900e-01   1.4818000e-01
   9.6402100e-01   9.0795000e-01   1.4937000e-01
   9.6168100e-01   9.1467200e-01   1.5052000e-01
   9.5927600e-01   9.2140700e-01   1.5156600e-01
   9.5680800e-01   9.2815200e-01   1.5240900e-01
   9.5428700e-01   9.3490800e-01   1.5292100e-01
   9.5172600e-01   9.4167100e-01   1.5292500e-01
   9.4915100e-01   9.4843500e-01   1.5217800e-01
   9.4660200e-01   9.5519000e-01   1.5032800e-01
   9.4415200e-01   9.6191600e-01   1.4686100e-01
   9.4189600e-01   9.6859000e-01   1.4095600e-01
   9.4001500e-01   9.7515800e-01   1.3132600e-01
