   2.5098039e-01   0.0000000e+00   2.9411765e-01
   2.5928489e-01   6.4590542e-03   3.0272972e-01
   2.6758939e-01   1.2918108e-02   3.1134179e-01
   2.7589389e-01   1.9377163e-02   3.1995386e-01
   2.8419839e-01   2.5836217e-02   3.2856594e-01
   2.9250288e-01   3.2295271e-02   3.3717801e-01
   3.0080738e-01   3.8754325e-02   3.4579008e-01
   3.0911188e-01   4.5213379e-02   3.5440215e-01
   3.1741638e-01   5.1672434e-02   3.6301423e-01
   3.2572088e-01   5.8131488e-02   3.7162630e-01
   3.3402537e-01   6.4590542e-02   3.8023837e-01
   3.4232987e-01   7.1049596e-02   3.8885044e-01
   3.5063437e-01   7.7508651e-02   3.9746251e-01
   3.5893887e-01   8.3967705e-02   4.0607459e-01
   3.6724337e-01   9.0426759e-02   4.1468666e-01
   3.7554787e-01   9.6885813e-02   4.2329873e-01
   3.8385236e-01   1.0334487e-01   4.3191080e-01
   3.9215686e-01   1.0980392e-01   4.4052288e-01
   4.0046136e-01   1.1626298e-01   4.4913495e-01
   4.0876586e-01   1.2272203e-01   4.5774702e-01
   4.1707036e-01   1.2918108e-01   4.6635909e-01
   4.2537486e-01   1.3564014e-01   4.7497116e-01
   4.3367935e-01   1.4209919e-01   4.8358324e-01
   4.4198385e-01   1.4855825e-01   4.9219531e-01
   4.5028835e-01   1.5501730e-01   5.0080738e-01
   4.5859285e-01   1.6147636e-01   5.0941945e-01
   4.6543637e-01   1.7008843e-01   5.1680123e-01
   4.7081892e-01   1.8085352e-01   5.2295271e-01
   4.7620146e-01   1.9161861e-01   5.2910419e-01
   4.8158401e-01   2.0238370e-01   5.3525567e-01
   4.8696655e-01   2.1314879e-01   5.4140715e-01
   4.9234910e-01   2.2391388e-01   5.4755863e-01
   4.9773164e-01   2.3467897e-01   5.5371011e-01
   5.0311419e-01   2.4544406e-01   5.5986159e-01
   5.0849673e-01   2.5620915e-01   5.6601307e-01
   5.1387928e-01   2.6697424e-01   5.7216455e-01
   5.1926182e-01   2.7773933e-01   5.7831603e-01
   5.2464437e-01   2.8850442e-01   5.8446751e-01
   5.3002691e-01   2.9926951e-01   5.9061899e-01
   5.3540946e-01   3.1003460e-01   5.9677047e-01
   5.4079200e-01   3.2079969e-01   6.0292195e-01
   5.4617455e-01   3.3156478e-01   6.0907343e-01
   5.5155709e-01   3.4232987e-01   6.1522491e-01
   5.5693964e-01   3.5309496e-01   6.2137639e-01
   5.6232218e-01   3.6386005e-01   6.2752787e-01
   5.6770473e-01   3.7462514e-01   6.3367935e-01
   5.7308727e-01   3.8539023e-01   6.3983083e-01
   5.7846982e-01   3.9615532e-01   6.4598231e-01
   5.8385236e-01   4.0692042e-01   6.5213379e-01
   5.8923491e-01   4.1768551e-01   6.5828527e-01
   5.9461745e-01   4.2845060e-01   6.6443676e-01
   6.0000000e-01   4.3921569e-01   6.7058824e-01
   6.0630527e-01   4.4736640e-01   6.7612457e-01
   6.1261053e-01   4.5551711e-01   6.8166090e-01
   6.1891580e-01   4.6366782e-01   6.8719723e-01
   6.2522107e-01   4.7181853e-01   6.9273356e-01
   6.3152634e-01   4.7996924e-01   6.9826990e-01
   6.3783160e-01   4.8811995e-01   7.0380623e-01
   6.4413687e-01   4.9627067e-01   7.0934256e-01
   6.5044214e-01   5.0442138e-01   7.1487889e-01
   6.5674740e-01   5.1257209e-01   7.2041522e-01
   6.6305267e-01   5.2072280e-01   7.2595156e-01
   6.6935794e-01   5.2887351e-01   7.3148789e-01
   6.7566321e-01   5.3702422e-01   7.3702422e-01
   6.8196847e-01   5.4517493e-01   7.4256055e-01
   6.8827374e-01   5.5332564e-01   7.4809689e-01
   6.9457901e-01   5.6147636e-01   7.5363322e-01
   7.0088428e-01   5.6962707e-01   7.5916955e-01
   7.0718954e-01   5.7777778e-01   7.6470588e-01
   7.1349481e-01   5.8592849e-01   7.7024221e-01
   7.1980008e-01   5.9407920e-01   7.7577855e-01
   7.2610534e-01   6.0222991e-01   7.8131488e-01
   7.3241061e-01   6.1038062e-01   7.8685121e-01
   7.3871588e-01   6.1853133e-01   7.9238754e-01
   7.4502115e-01   6.2668205e-01   7.9792388e-01
   7.5132641e-01   6.3483276e-01   8.0346021e-01
   7.5763168e-01   6.4298347e-01   8.0899654e-01
   7.6362937e-01   6.5067282e-01   8.1368704e-01
   7.6931949e-01   6.5790081e-01   8.1753172e-01
   7.7500961e-01   6.6512880e-01   8.2137639e-01
   7.8069973e-01   6.7235679e-01   8.2522107e-01
   7.8638985e-01   6.7958478e-01   8.2906574e-01
   7.9207997e-01   6.8681276e-01   8.3291042e-01
   7.9777009e-01   6.9404075e-01   8.3675509e-01
   8.0346021e-01   7.0126874e-01   8.4059977e-01
   8.0915033e-01   7.0849673e-01   8.4444444e-01
   8.1484045e-01   7.1572472e-01   8.4828912e-01
   8.2053057e-01   7.2295271e-01   8.5213379e-01
   8.2622068e-01   7.3018070e-01   8.5597847e-01
   8.3191080e-01   7.3740869e-01   8.5982314e-01
   8.3760092e-01   7.4463668e-01   8.6366782e-01
   8.4329104e-01   7.5186467e-01   8.6751250e-01
   8.4898116e-01   7.5909266e-01   8.7135717e-01
   8.5467128e-01   7.6632065e-01   8.7520185e-01
   8.6036140e-01   7.7354864e-01   8.7904652e-01
   8.6605152e-01   7.8077662e-01   8.8289120e-01
   8.7174164e-01   7.8800461e-01   8.8673587e-01
   8.7743176e-01   7.9523260e-01   8.9058055e-01
   8.8312188e-01   8.0246059e-01   8.9442522e-01
   8.8881200e-01   8.0968858e-01   8.9826990e-01
   8.9450211e-01   8.1691657e-01   9.0211457e-01
   9.0019223e-01   8.2414456e-01   9.0595925e-01
   9.0588235e-01   8.3137255e-01   9.0980392e-01
   9.0834295e-01   8.3675509e-01   9.1211073e-01
   9.1080354e-01   8.4213764e-01   9.1441753e-01
   9.1326413e-01   8.4752018e-01   9.1672434e-01
   9.1572472e-01   8.5290273e-01   9.1903114e-01
   9.1818531e-01   8.5828527e-01   9.2133795e-01
   9.2064591e-01   8.6366782e-01   9.2364475e-01
   9.2310650e-01   8.6905037e-01   9.2595156e-01
   9.2556709e-01   8.7443291e-01   9.2825836e-01
   9.2802768e-01   8.7981546e-01   9.3056517e-01
   9.3048827e-01   8.8519800e-01   9.3287197e-01
   9.3294887e-01   8.9058055e-01   9.3517878e-01
   9.3540946e-01   8.9596309e-01   9.3748558e-01
   9.3787005e-01   9.0134564e-01   9.3979239e-01
   9.4033064e-01   9.0672818e-01   9.4209919e-01
   9.4279123e-01   9.1211073e-01   9.4440600e-01
   9.4525183e-01   9.1749327e-01   9.4671280e-01
   9.4771242e-01   9.2287582e-01   9.4901961e-01
   9.5017301e-01   9.2825836e-01   9.5132641e-01
   9.5263360e-01   9.3364091e-01   9.5363322e-01
   9.5509419e-01   9.3902345e-01   9.5594002e-01
   9.5755479e-01   9.4440600e-01   9.5824683e-01
   9.6001538e-01   9.4978854e-01   9.6055363e-01
   9.6247597e-01   9.5517109e-01   9.6286044e-01
   9.6493656e-01   9.6055363e-01   9.6516724e-01
   9.6739715e-01   9.6593618e-01   9.6747405e-01
   9.6632065e-01   9.6808920e-01   9.6585928e-01
   9.6170704e-01   9.6701269e-01   9.6032295e-01
   9.5709343e-01   9.6593618e-01   9.5478662e-01
   9.5247982e-01   9.6485967e-01   9.4925029e-01
   9.4786621e-01   9.6378316e-01   9.4371396e-01
   9.4325260e-01   9.6270665e-01   9.3817762e-01
   9.3863899e-01   9.6163014e-01   9.3264129e-01
   9.3402537e-01   9.6055363e-01   9.2710496e-01
   9.2941176e-01   9.5947712e-01   9.2156863e-01
   9.2479815e-01   9.5840062e-01   9.1603230e-01
   9.2018454e-01   9.5732411e-01   9.1049596e-01
   9.1557093e-01   9.5624760e-01   9.0495963e-01
   9.1095732e-01   9.5517109e-01   8.9942330e-01
   9.0634371e-01   9.5409458e-01   8.9388697e-01
   9.0173010e-01   9.5301807e-01   8.8835063e-01
   8.9711649e-01   9.5194156e-01   8.8281430e-01
   8.9250288e-01   9.5086505e-01   8.7727797e-01
   8.8788927e-01   9.4978854e-01   8.7174164e-01
   8.8327566e-01   9.4871203e-01   8.6620531e-01
   8.7866205e-01   9.4763552e-01   8.6066897e-01
   8.7404844e-01   9.4655902e-01   8.5513264e-01
   8.6943483e-01   9.4548251e-01   8.4959631e-01
   8.6482122e-01   9.4440600e-01   8.4405998e-01
   8.6020761e-01   9.4332949e-01   8.3852364e-01
   8.5559400e-01   9.4225298e-01   8.3298731e-01
   8.5098039e-01   9.4117647e-01   8.2745098e-01
   8.4313725e-01   9.3794694e-01   8.1960784e-01
   8.3529412e-01   9.3471742e-01   8.1176471e-01
   8.2745098e-01   9.3148789e-01   8.0392157e-01
   8.1960784e-01   9.2825836e-01   7.9607843e-01
   8.1176471e-01   9.2502884e-01   7.8823529e-01
   8.0392157e-01   9.2179931e-01   7.8039216e-01
   7.9607843e-01   9.1856978e-01   7.7254902e-01
   7.8823529e-01   9.1534025e-01   7.6470588e-01
   7.8039216e-01   9.1211073e-01   7.5686275e-01
   7.7254902e-01   9.0888120e-01   7.4901961e-01
   7.6470588e-01   9.0565167e-01   7.4117647e-01
   7.5686275e-01   9.0242215e-01   7.3333333e-01
   7.4901961e-01   8.9919262e-01   7.2549020e-01
   7.4117647e-01   8.9596309e-01   7.1764706e-01
   7.3333333e-01   8.9273356e-01   7.0980392e-01
   7.2549020e-01   8.8950404e-01   7.0196078e-01
   7.1764706e-01   8.8627451e-01   6.9411765e-01
   7.0980392e-01   8.8304498e-01   6.8627451e-01
   7.0196078e-01   8.7981546e-01   6.7843137e-01
   6.9411765e-01   8.7658593e-01   6.7058824e-01
   6.8627451e-01   8.7335640e-01   6.6274510e-01
   6.7843137e-01   8.7012687e-01   6.5490196e-01
   6.7058824e-01   8.6689735e-01   6.4705882e-01
   6.6274510e-01   8.6366782e-01   6.3921569e-01
   6.5490196e-01   8.6043829e-01   6.3137255e-01
   6.4513649e-01   8.5536332e-01   6.2260669e-01
   6.3344867e-01   8.4844291e-01   6.1291811e-01
   6.2176086e-01   8.4152249e-01   6.0322953e-01
   6.1007305e-01   8.3460208e-01   5.9354095e-01
   5.9838524e-01   8.2768166e-01   5.8385236e-01
   5.8669742e-01   8.2076125e-01   5.7416378e-01
   5.7500961e-01   8.1384083e-01   5.6447520e-01
   5.6332180e-01   8.0692042e-01   5.5478662e-01
   5.5163399e-01   8.0000000e-01   5.4509804e-01
   5.3994617e-01   7.9307958e-01   5.3540946e-01
   5.2825836e-01   7.8615917e-01   5.2572088e-01
   5.1657055e-01   7.7923875e-01   5.1603230e-01
   5.0488274e-01   7.7231834e-01   5.0634371e-01
   4.9319493e-01   7.6539792e-01   4.9665513e-01
   4.8150711e-01   7.5847751e-01   4.8696655e-01
   4.6981930e-01   7.5155709e-01   4.7727797e-01
   4.5813149e-01   7.4463668e-01   4.6758939e-01
   4.4644368e-01   7.3771626e-01   4.5790081e-01
   4.3475586e-01   7.3079585e-01   4.4821223e-01
   4.2306805e-01   7.2387543e-01   4.3852364e-01
   4.1138024e-01   7.1695502e-01   4.2883506e-01
   3.9969243e-01   7.1003460e-01   4.1914648e-01
   3.8800461e-01   7.0311419e-01   4.0945790e-01
   3.7631680e-01   6.9619377e-01   3.9976932e-01
   3.6462899e-01   6.8927336e-01   3.9008074e-01
   3.5294118e-01   6.8235294e-01   3.8039216e-01
   3.4325260e-01   6.7404844e-01   3.7393310e-01
   3.3356401e-01   6.6574394e-01   3.6747405e-01
   3.2387543e-01   6.5743945e-01   3.6101499e-01
   3.1418685e-01   6.4913495e-01   3.5455594e-01
   3.0449827e-01   6.4083045e-01   3.4809689e-01
   2.9480969e-01   6.3252595e-01   3.4163783e-01
   2.8512111e-01   6.2422145e-01   3.3517878e-01
   2.7543253e-01   6.1591696e-01   3.2871972e-01
   2.6574394e-01   6.0761246e-01   3.2226067e-01
   2.5605536e-01   5.9930796e-01   3.1580161e-01
   2.4636678e-01   5.9100346e-01   3.0934256e-01
   2.3667820e-01   5.8269896e-01   3.0288351e-01
   2.2698962e-01   5.7439446e-01   2.9642445e-01
   2.1730104e-01   5.6608997e-01   2.8996540e-01
   2.0761246e-01   5.5778547e-01   2.8350634e-01
   1.9792388e-01   5.4948097e-01   2.7704729e-01
   1.8823529e-01   5.4117647e-01   2.7058824e-01
   1.7854671e-01   5.3287197e-01   2.6412918e-01
   1.6885813e-01   5.2456747e-01   2.5767013e-01
   1.5916955e-01   5.1626298e-01   2.5121107e-01
   1.4948097e-01   5.0795848e-01   2.4475202e-01
   1.3979239e-01   4.9965398e-01   2.3829296e-01
   1.3010381e-01   4.9134948e-01   2.3183391e-01
   1.2041522e-01   4.8304498e-01   2.2537486e-01
   1.1072664e-01   4.7474048e-01   2.1891580e-01
   1.0380623e-01   4.6658977e-01   2.1353326e-01
   9.9653979e-02   4.5859285e-01   2.0922722e-01
   9.5501730e-02   4.5059592e-01   2.0492118e-01
   9.1349481e-02   4.4259900e-01   2.0061515e-01
   8.7197232e-02   4.3460208e-01   1.9630911e-01
   8.3044983e-02   4.2660515e-01   1.9200308e-01
   7.8892734e-02   4.1860823e-01   1.8769704e-01
   7.4740484e-02   4.1061130e-01   1.8339100e-01
   7.0588235e-02   4.0261438e-01   1.7908497e-01
   6.6435986e-02   3.9461745e-01   1.7477893e-01
   6.2283737e-02   3.8662053e-01   1.7047290e-01
   5.8131488e-02   3.7862361e-01   1.6616686e-01
   5.3979239e-02   3.7062668e-01   1.6186082e-01
   4.9826990e-02   3.6262976e-01   1.5755479e-01
   4.5674740e-02   3.5463283e-01   1.5324875e-01
   4.1522491e-02   3.4663591e-01   1.4894271e-01
   3.7370242e-02   3.3863899e-01   1.4463668e-01
   3.3217993e-02   3.3064206e-01   1.4033064e-01
   2.9065744e-02   3.2264514e-01   1.3602461e-01
   2.4913495e-02   3.1464821e-01   1.3171857e-01
   2.0761246e-02   3.0665129e-01   1.2741253e-01
   1.6608997e-02   2.9865436e-01   1.2310650e-01
   1.2456747e-02   2.9065744e-01   1.1880046e-01
   8.3044983e-03   2.8266052e-01   1.1449443e-01
   4.1522491e-03   2.7466359e-01   1.1018839e-01
   0.0000000e+00   2.6666667e-01   1.0588235e-01
