   1.0000000e+00   0.0000000e+00   0.0000000e+00
   1.0000000e+00   0.0000000e+00   0.0000000e+00
   1.0000000e+00   1.2964542e-01   0.0000000e+00
   1.0000000e+00   3.2029829e-01   0.0000000e+00
   1.0000000e+00   5.1159084e-01   0.0000000e+00
   1.0000000e+00   6.9091033e-01   0.0000000e+00
   1.0000000e+00   8.4643347e-01   0.0000000e+00
   1.0000000e+00   9.6790594e-01   0.0000000e+00
   8.8898422e-01   1.0000000e+00   0.0000000e+00
   6.9909863e-01   1.0000000e+00   0.0000000e+00
   5.0729444e-01   1.0000000e+00   0.0000000e+00
   3.2621812e-01   9.9656884e-01   0.0000000e+00
   1.6780881e-01   8.8704938e-01   0.0000000e+00
   4.2511103e-02   7.4080127e-01   2.2472456e-01
   0.0000000e+00   5.6746729e-01   4.9152494e-01
   0.0000000e+00   3.7847607e-01   7.2591699e-01
   0.0000000e+00   1.8628862e-01   9.1244623e-01
   0.0000000e+00   3.5766755e-03   1.0000000e+00
   1.0014584e-01   0.0000000e+00   1.0000000e+00
   2.4310366e-01   0.0000000e+00   1.0000000e+00
   4.1420859e-01   0.0000000e+00   9.9646076e-01
   6.0217893e-01   0.0000000e+00   8.4496728e-01
   7.9462101e-01   0.0000000e+00   6.3776150e-01
   9.7884629e-01   0.0000000e+00   3.8850538e-01
   1.0000000e+00   0.0000000e+00   1.1363345e-01
   1.0000000e+00   0.0000000e+00   0.0000000e+00
   1.0000000e+00   5.6055670e-02   0.0000000e+00
   1.0000000e+00   2.4287933e-01   0.0000000e+00
   1.0000000e+00   4.3544722e-01   0.0000000e+00
   1.0000000e+00   6.2106253e-01   0.0000000e+00
   1.0000000e+00   7.8748685e-01   0.0000000e+00
   1.0000000e+00   9.2374711e-01   0.0000000e+00
   9.6191389e-01   1.0000000e+00   0.0000000e+00
   7.7636196e-01   1.0000000e+00   0.0000000e+00
   5.8379714e-01   1.0000000e+00   0.0000000e+00
   3.9691603e-01   1.0000000e+00   0.0000000e+00
   2.2804052e-01   9.3594704e-01   0.0000000e+00
   8.8305278e-02   8.0342502e-01   1.1228542e-01
   0.0000000e+00   6.3968807e-01   3.8723723e-01
   0.0000000e+00   4.5553207e-01   6.3665684e-01
   0.0000000e+00   2.6309920e-01   8.4409895e-01
   0.0000000e+00   7.5077381e-02   9.9588602e-01
   5.2822671e-02   0.0000000e+00   1.0000000e+00
   1.8168552e-01   0.0000000e+00   1.0000000e+00
   3.4274503e-01   0.0000000e+00   1.0000000e+00
   5.2538185e-01   0.0000000e+00   9.1320243e-01
   7.1755397e-01   0.0000000e+00   7.2693464e-01
   9.0659065e-01   0.0000000e+00   4.9273695e-01
   1.0000000e+00   0.0000000e+00   2.2605100e-01
   1.0000000e+00   0.0000000e+00   0.0000000e+00
   1.0000000e+00   0.0000000e+00   0.0000000e+00
   1.0000000e+00   1.6639257e-01   0.0000000e+00
   1.0000000e+00   3.5817530e-01   0.0000000e+00
   1.0000000e+00   5.4810032e-01   0.0000000e+00
   1.0000000e+00   7.2364505e-01   0.0000000e+00
   1.0000000e+00   8.7323509e-01   0.0000000e+00
   1.0000000e+00   9.8700732e-01   0.0000000e+00
   8.5248721e-01   1.0000000e+00   0.0000000e+00
   6.6122222e-01   1.0000000e+00   0.0000000e+00
   4.7053599e-01   1.0000000e+00   0.0000000e+00
   2.9300127e-01   9.7836098e-01   0.0000000e+00
   1.4032368e-01   8.6098305e-01   0.0000000e+00
   2.2569913e-02   7.0859514e-01   2.7880602e-01
   0.0000000e+00   5.3124485e-01   5.4058436e-01
   0.0000000e+00   3.4062562e-01   7.6671967e-01
   0.0000000e+00   1.4930580e-01   9.4230189e-01
   1.2103404e-02   0.0000000e+00   1.0000000e+00
   1.2549243e-01   0.0000000e+00   1.0000000e+00
   2.7478315e-01   0.0000000e+00   1.0000000e+00
   4.5013221e-01   0.0000000e+00   9.7166618e-01
   6.3997809e-01   0.0000000e+00   8.0832946e-01
   8.3180345e-01   0.0000000e+00   5.9169614e-01
   1.0000000e+00   0.0000000e+00   3.3604977e-01
   1.0000000e+00   0.0000000e+00   5.8246211e-02
   1.0000000e+00   0.0000000e+00   0.0000000e+00
   1.0000000e+00   9.1656435e-02   0.0000000e+00
   1.0000000e+00   2.8060190e-01   0.0000000e+00
   1.0000000e+00   4.7280439e-01   0.0000000e+00
   1.0000000e+00   6.5559118e-01   0.0000000e+00
   1.0000000e+00   8.1691036e-01   0.0000000e+00
   1.0000000e+00   9.4612546e-01   0.0000000e+00
   9.2665981e-01   1.0000000e+00   0.0000000e+00
   7.3874123e-01   1.0000000e+00   0.0000000e+00
   5.4629024e-01   1.0000000e+00   0.0000000e+00
   3.6199596e-01   1.0000000e+00   0.0000000e+00
   1.9800971e-01   9.1285947e-01   0.0000000e+00
   6.5143782e-02   7.7345119e-01   1.6739153e-01
   0.0000000e+00   6.0480428e-01   4.3872754e-01
   0.0000000e+00   4.1803835e-01   6.8113637e-01
   0.0000000e+00   2.2546768e-01   8.7863497e-01
   0.0000000e+00   3.9789265e-02   1.0000000e+00
   7.5125647e-02   0.0000000e+00   1.0000000e+00
   2.1105016e-01   0.0000000e+00   1.0000000e+00
   3.7723519e-01   0.0000000e+00   1.0000000e+00
   5.6272346e-01   0.0000000e+00   8.8107503e-01
   7.5528492e-01   0.0000000e+00   6.8432410e-01
   9.4222319e-01   0.0000000e+00   4.4245276e-01
   1.0000000e+00   0.0000000e+00   1.7140862e-01
   1.0000000e+00   0.0000000e+00   0.0000000e+00
   1.0000000e+00   1.9470616e-02   0.0000000e+00
   1.0000000e+00   2.0355707e-01   0.0000000e+00
   1.0000000e+00   3.9598044e-01   0.0000000e+00
   1.0000000e+00   5.8405344e-01   0.0000000e+00
   1.0000000e+00   7.5537561e-01   0.0000000e+00
   1.0000000e+00   8.9865096e-01   0.0000000e+00
   9.9808612e-01   1.0000000e+00   0.0000000e+00
   8.1552469e-01   1.0000000e+00   0.0000000e+00
   6.2336821e-01   1.0000000e+00   0.0000000e+00
   4.3428635e-01   1.0000000e+00   0.0000000e+00
   2.6074610e-01   9.5849920e-01   0.0000000e+00
   1.1418971e-01   8.3356223e-01   5.4185935e-02
   4.2802585e-03   6.7542326e-01   3.3217626e-01
   0.0000000e+00   4.9450905e-01   5.8826480e-01
   0.0000000e+00   3.0274806e-01   8.0556652e-01
   0.0000000e+00   1.1278391e-01   9.6975381e-01
   3.1124119e-02   0.0000000e+00   1.0000000e+00
   1.5222800e-01   0.0000000e+00   1.0000000e+00
   3.0747080e-01   0.0000000e+00   1.0000000e+00
   4.8661670e-01   0.0000000e+00   9.4439296e-01
   6.7785384e-01   0.0000000e+00   7.6962967e-01
   8.6857314e-01   0.0000000e+00   5.4412143e-01
   1.0000000e+00   0.0000000e+00   2.8273694e-01
   1.0000000e+00   0.0000000e+00   2.7103909e-03
   1.0000000e+00   0.0000000e+00   0.0000000e+00
   1.0000000e+00   1.2786519e-01   0.0000000e+00
   1.0000000e+00   3.1845048e-01   0.0000000e+00
   1.0000000e+00   5.0979728e-01   0.0000000e+00
   1.0000000e+00   6.8928928e-01   0.0000000e+00
   1.0000000e+00   8.4509181e-01   0.0000000e+00
   1.0000000e+00   9.6693213e-01   0.0000000e+00
   8.9075102e-01   1.0000000e+00   0.0000000e+00
   7.0094514e-01   1.0000000e+00   0.0000000e+00
   5.0909892e-01   1.0000000e+00   0.0000000e+00
   3.2786158e-01   9.9741389e-01   0.0000000e+00
   1.6918290e-01   8.8828508e-01   0.0000000e+00
   4.3525218e-02   7.4234615e-01   2.2207065e-01
   0.0000000e+00   5.6921948e-01   4.8909870e-01
   0.0000000e+00   3.8032005e-01   7.2387838e-01
   0.0000000e+00   1.8810281e-01   9.1092968e-01
   0.0000000e+00   5.2414499e-03   1.0000000e+00
   9.8946092e-02   0.0000000e+00   1.0000000e+00
   2.4158554e-01   0.0000000e+00   1.0000000e+00
   4.1247217e-01   0.0000000e+00   9.9760572e-01
   6.0033872e-01   0.0000000e+00   8.4670009e-01
   7.9279832e-01   0.0000000e+00   6.3996791e-01
   9.7716132e-01   0.0000000e+00   3.9103992e-01
   1.0000000e+00   0.0000000e+00   1.1632899e-01
   1.0000000e+00   0.0000000e+00   0.0000000e+00
   1.0000000e+00   5.4336194e-02   0.0000000e+00
   1.0000000e+00   2.4104411e-01   0.0000000e+00
   1.0000000e+00   4.3361727e-01   0.0000000e+00
   1.0000000e+00   6.1935849e-01   0.0000000e+00
   1.0000000e+00   7.8602108e-01   0.0000000e+00
   1.0000000e+00   9.2261626e-01   0.0000000e+00
   9.6361528e-01   1.0000000e+00   0.0000000e+00
   7.7819096e-01   1.0000000e+00   0.0000000e+00
   5.8563315e-01   1.0000000e+00   0.0000000e+00
   3.9863800e-01   1.0000000e+00   0.0000000e+00
   2.2953491e-01   9.3703419e-01   0.0000000e+00
   8.9473560e-02   8.0485688e-01   1.0958884e-01
   0.0000000e+00   6.4137023e-01   3.8469916e-01
   0.0000000e+00   4.5735361e-01   6.3444463e-01
   0.0000000e+00   2.6494003e-01   8.4235845e-01
   0.0000000e+00   7.6816124e-02   9.9473199e-01
   5.1774548e-02   0.0000000e+00   1.0000000e+00
   1.8028437e-01   0.0000000e+00   1.0000000e+00
   3.4108323e-01   0.0000000e+00   1.0000000e+00
   5.2356898e-01   0.0000000e+00   9.1471068e-01
   7.1570955e-01   0.0000000e+00   7.2896663e-01
   9.0483629e-01   0.0000000e+00   4.9515871e-01
   1.0000000e+00   0.0000000e+00   2.2870286e-01
   1.0000000e+00   0.0000000e+00   0.0000000e+00
   1.0000000e+00   0.0000000e+00   0.0000000e+00
   1.0000000e+00   1.6458958e-01   0.0000000e+00
   1.0000000e+00   3.5632853e-01   0.0000000e+00
   1.0000000e+00   5.4633153e-01   0.0000000e+00
   1.0000000e+00   7.2207086e-01   0.0000000e+00
   1.0000000e+00   8.7195930e-01   0.0000000e+00
   1.0000000e+00   9.8611405e-01   0.0000000e+00
   8.5427911e-01   1.0000000e+00   0.0000000e+00
   6.6307011e-01   1.0000000e+00   0.0000000e+00
   4.7231803e-01   1.0000000e+00   0.0000000e+00
   2.9459997e-01   9.7928793e-01   0.0000000e+00
   1.4163363e-01   8.6228655e-01   0.0000000e+00
   2.3504734e-02   7.1018926e-01   2.7618328e-01
   0.0000000e+00   5.3302446e-01   5.3822221e-01
   0.0000000e+00   3.4247340e-01   7.6477385e-01
   0.0000000e+00   1.5109991e-01   9.4090069e-01
   1.1218117e-02   0.0000000e+00   1.0000000e+00
   1.2422324e-01   0.0000000e+00   1.0000000e+00
   2.7321376e-01   0.0000000e+00   1.0000000e+00
   4.4836608e-01   0.0000000e+00   9.7293371e-01
   6.3813167e-01   0.0000000e+00   8.1016529e-01
   8.2999848e-01   0.0000000e+00   5.9397922e-01
   1.0000000e+00   0.0000000e+00   3.3862957e-01
   1.0000000e+00   0.0000000e+00   6.0952622e-02
   1.0000000e+00   0.0000000e+00   0.0000000e+00
   1.0000000e+00   8.9904964e-02   0.0000000e+00
   1.0000000e+00   2.7875807e-01   0.0000000e+00
   1.0000000e+00   4.7098977e-01   0.0000000e+00
   1.0000000e+00   6.5392542e-01   0.0000000e+00
   1.0000000e+00   8.1550329e-01   0.0000000e+00
   1.0000000e+00   9.4506985e-01   0.0000000e+00
   9.2839545e-01   1.0000000e+00   0.0000000e+00
   7.4058123e-01   1.0000000e+00   0.0000000e+00
   5.4811330e-01   1.0000000e+00   0.0000000e+00
   3.6368187e-01   1.0000000e+00   0.0000000e+00
   1.9944730e-01   9.1402068e-01   0.0000000e+00
   6.6238278e-02   7.7494020e-01   1.6471220e-01
   0.0000000e+00   6.0652292e-01   4.3624073e-01
   0.0000000e+00   4.1987330e-01   6.7900604e-01
   0.0000000e+00   2.2729795e-01   8.7700160e-01
   0.0000000e+00   4.1494184e-02   1.0000000e+00
   7.4002014e-02   0.0000000e+00   1.0000000e+00
   2.0958996e-01   0.0000000e+00   1.0000000e+00
   3.7553470e-01   0.0000000e+00   1.0000000e+00
   5.6089479e-01   0.0000000e+00   8.8269505e-01
   7.5344866e-01   0.0000000e+00   6.8644406e-01
   9.4050040e-01   0.0000000e+00   4.4493288e-01
   1.0000000e+00   0.0000000e+00   1.7408538e-01
   1.0000000e+00   0.0000000e+00   0.0000000e+00
   1.0000000e+00   1.7789406e-02   0.0000000e+00
   1.0000000e+00   2.0173591e-01   0.0000000e+00
   1.0000000e+00   3.9413941e-01   0.0000000e+00
   1.0000000e+00   5.8231393e-01   0.0000000e+00
   1.0000000e+00   7.5385231e-01   0.0000000e+00
   1.0000000e+00   8.9744430e-01   0.0000000e+00
   9.9974692e-01   1.0000000e+00   0.0000000e+00
   8.1733712e-01   1.0000000e+00   0.0000000e+00
   6.2521277e-01   1.0000000e+00   0.0000000e+00
   4.3604142e-01   1.0000000e+00   0.0000000e+00
   2.6229596e-01   9.5950569e-01   0.0000000e+00
   1.1543217e-01   8.3493022e-01   5.1478670e-02
   5.1333994e-03   6.7706254e-01   3.2959140e-01
   0.0000000e+00   4.9631154e-01   5.8597276e-01
   0.0000000e+00   3.0459492e-01   8.0371845e-01
   0.0000000e+00   1.1455336e-01   9.6847154e-01
   3.0158059e-02   0.0000000e+00   1.0000000e+00
   1.5089262e-01   0.0000000e+00   1.0000000e+00
   3.0585414e-01   0.0000000e+00   1.0000000e+00
   4.8482536e-01   0.0000000e+00   9.4577984e-01
   6.7600592e-01   0.0000000e+00   7.7156384e-01
   8.6679049e-01   0.0000000e+00   5.4647535e-01
   1.0000000e+00   0.0000000e+00   2.8535541e-01
   1.0000000e+00   0.0000000e+00   5.4207654e-03
   1.0000000e+00   0.0000000e+00   0.0000000e+00
   1.0000000e+00   1.2608619e-01   0.0000000e+00
   1.0000000e+00   3.1660274e-01   0.0000000e+00
   1.0000000e+00   5.0800263e-01   0.0000000e+00
   1.0000000e+00   6.8766605e-01   0.0000000e+00
   1.0000000e+00   8.4374701e-01   0.0000000e+00
   1.0000000e+00   9.6595445e-01   0.0000000e+00
   8.9251648e-01   1.0000000e+00   0.0000000e+00
   7.0279147e-01   1.0000000e+00   0.0000000e+00
   5.1090437e-01   1.0000000e+00   0.0000000e+00
   3.2950713e-01   9.9825489e-01   0.0000000e+00
