   1.0000000e+00   9.6862745e-01   9.8431373e-01
   9.9766244e-01   9.6665898e-01   9.8320646e-01
   9.9532488e-01   9.6469050e-01   9.8209919e-01
   9.9298731e-01   9.6272203e-01   9.8099193e-01
   9.9064975e-01   9.6075356e-01   9.7988466e-01
   9.8831219e-01   9.5878508e-01   9.7877739e-01
   9.8597463e-01   9.5681661e-01   9.7767013e-01
   9.8363706e-01   9.5484814e-01   9.7656286e-01
   9.8129950e-01   9.5287966e-01   9.7545559e-01
   9.7896194e-01   9.5091119e-01   9.7434833e-01
   9.7662438e-01   9.4894271e-01   9.7324106e-01
   9.7428681e-01   9.4697424e-01   9.7213379e-01
   9.7194925e-01   9.4500577e-01   9.7102653e-01
   9.6961169e-01   9.4303729e-01   9.6991926e-01
   9.6727413e-01   9.4106882e-01   9.6881200e-01
   9.6493656e-01   9.3910035e-01   9.6770473e-01
   9.6259900e-01   9.3713187e-01   9.6659746e-01
   9.6026144e-01   9.3516340e-01   9.6549020e-01
   9.5792388e-01   9.3319493e-01   9.6438293e-01
   9.5558631e-01   9.3122645e-01   9.6327566e-01
   9.5324875e-01   9.2925798e-01   9.6216840e-01
   9.5091119e-01   9.2728950e-01   9.6106113e-01
   9.4857363e-01   9.2532103e-01   9.5995386e-01
   9.4623606e-01   9.2335256e-01   9.5884660e-01
   9.4389850e-01   9.2138408e-01   9.5773933e-01
   9.4156094e-01   9.1941561e-01   9.5663206e-01
   9.3922338e-01   9.1744714e-01   9.5552480e-01
   9.3688581e-01   9.1547866e-01   9.5441753e-01
   9.3454825e-01   9.1351019e-01   9.5331027e-01
   9.3221069e-01   9.1154171e-01   9.5220300e-01
   9.2987313e-01   9.0957324e-01   9.5109573e-01
   9.2753556e-01   9.0760477e-01   9.4998847e-01
   9.2505959e-01   9.0554402e-01   9.4883506e-01
   9.2161476e-01   9.0283737e-01   9.4735871e-01
   9.1816993e-01   9.0013072e-01   9.4588235e-01
   9.1472511e-01   8.9742407e-01   9.4440600e-01
   9.1128028e-01   8.9471742e-01   9.4292964e-01
   9.0783545e-01   8.9201077e-01   9.4145329e-01
   9.0439062e-01   8.8930411e-01   9.3997693e-01
   9.0094579e-01   8.8659746e-01   9.3850058e-01
   8.9750096e-01   8.8389081e-01   9.3702422e-01
   8.9405613e-01   8.8118416e-01   9.3554787e-01
   8.9061130e-01   8.7847751e-01   9.3407151e-01
   8.8716647e-01   8.7577086e-01   9.3259516e-01
   8.8372165e-01   8.7306421e-01   9.3111880e-01
   8.8027682e-01   8.7035755e-01   9.2964245e-01
   8.7683199e-01   8.6765090e-01   9.2816609e-01
   8.7338716e-01   8.6494425e-01   9.2668973e-01
   8.6994233e-01   8.6223760e-01   9.2521338e-01
   8.6649750e-01   8.5953095e-01   9.2373702e-01
   8.6305267e-01   8.5682430e-01   9.2226067e-01
   8.5960784e-01   8.5411765e-01   9.2078431e-01
   8.5616301e-01   8.5141100e-01   9.1930796e-01
   8.5271819e-01   8.4870434e-01   9.1783160e-01
   8.4927336e-01   8.4599769e-01   9.1635525e-01
   8.4582853e-01   8.4329104e-01   9.1487889e-01
   8.4238370e-01   8.4058439e-01   9.1340254e-01
   8.3893887e-01   8.3787774e-01   9.1192618e-01
   8.3549404e-01   8.3517109e-01   9.1044983e-01
   8.3204921e-01   8.3246444e-01   9.0897347e-01
   8.2860438e-01   8.2975779e-01   9.0749712e-01
   8.2515955e-01   8.2705113e-01   9.0602076e-01
   8.2171473e-01   8.2434448e-01   9.0454441e-01
   8.1826990e-01   8.2163783e-01   9.0306805e-01
   8.1439446e-01   8.1899270e-01   9.0162245e-01
   8.0922722e-01   8.1653210e-01   9.0026913e-01
   8.0405998e-01   8.1407151e-01   8.9891580e-01
   7.9889273e-01   8.1161092e-01   8.9756248e-01
   7.9372549e-01   8.0915033e-01   8.9620915e-01
   7.8855825e-01   8.0668973e-01   8.9485582e-01
   7.8339100e-01   8.0422914e-01   8.9350250e-01
   7.7822376e-01   8.0176855e-01   8.9214917e-01
   7.7305652e-01   7.9930796e-01   8.9079585e-01
   7.6788927e-01   7.9684737e-01   8.8944252e-01
   7.6272203e-01   7.9438677e-01   8.8808920e-01
   7.5755479e-01   7.9192618e-01   8.8673587e-01
   7.5238754e-01   7.8946559e-01   8.8538255e-01
   7.4722030e-01   7.8700500e-01   8.8402922e-01
   7.4205306e-01   7.8454441e-01   8.8267589e-01
   7.3688581e-01   7.8208381e-01   8.8132257e-01
   7.3171857e-01   7.7962322e-01   8.7996924e-01
   7.2655133e-01   7.7716263e-01   8.7861592e-01
   7.2138408e-01   7.7470204e-01   8.7726259e-01
   7.1621684e-01   7.7224145e-01   8.7590927e-01
   7.1104960e-01   7.6978085e-01   8.7455594e-01
   7.0588235e-01   7.6732026e-01   8.7320261e-01
   7.0071511e-01   7.6485967e-01   8.7184929e-01
   6.9554787e-01   7.6239908e-01   8.7049596e-01
   6.9038062e-01   7.5993849e-01   8.6914264e-01
   6.8521338e-01   7.5747789e-01   8.6778931e-01
   6.8004614e-01   7.5501730e-01   8.6643599e-01
   6.7487889e-01   7.5255671e-01   8.6508266e-01
   6.6971165e-01   7.5009612e-01   8.6372933e-01
   6.6454441e-01   7.4763552e-01   8.6237601e-01
   6.5937716e-01   7.4517493e-01   8.6102268e-01
   6.5420992e-01   7.4271434e-01   8.5966936e-01
   6.4867359e-01   7.4025375e-01   8.5826990e-01
   6.4252211e-01   7.3779316e-01   8.5679354e-01
   6.3637063e-01   7.3533256e-01   8.5531719e-01
   6.3021915e-01   7.3287197e-01   8.5384083e-01
   6.2406767e-01   7.3041138e-01   8.5236448e-01
   6.1791619e-01   7.2795079e-01   8.5088812e-01
   6.1176471e-01   7.2549020e-01   8.4941176e-01
   6.0561323e-01   7.2302960e-01   8.4793541e-01
   5.9946175e-01   7.2056901e-01   8.4645905e-01
   5.9331027e-01   7.1810842e-01   8.4498270e-01
   5.8715879e-01   7.1564783e-01   8.4350634e-01
   5.8100730e-01   7.1318724e-01   8.4202999e-01
   5.7485582e-01   7.1072664e-01   8.4055363e-01
   5.6870434e-01   7.0826605e-01   8.3907728e-01
   5.6255286e-01   7.0580546e-01   8.3760092e-01
   5.5640138e-01   7.0334487e-01   8.3612457e-01
   5.5024990e-01   7.0088428e-01   8.3464821e-01
   5.4409842e-01   6.9842368e-01   8.3317186e-01
   5.3794694e-01   6.9596309e-01   8.3169550e-01
   5.3179546e-01   6.9350250e-01   8.3021915e-01
   5.2564398e-01   6.9104191e-01   8.2874279e-01
   5.1949250e-01   6.8858131e-01   8.2726644e-01
   5.1334102e-01   6.8612072e-01   8.2579008e-01
   5.0718954e-01   6.8366013e-01   8.2431373e-01
   5.0103806e-01   6.8119954e-01   8.2283737e-01
   4.9488658e-01   6.7873895e-01   8.2136101e-01
   4.8873510e-01   6.7627835e-01   8.1988466e-01
   4.8258362e-01   6.7381776e-01   8.1840830e-01
   4.7643214e-01   6.7135717e-01   8.1693195e-01
   4.7028066e-01   6.6889658e-01   8.1545559e-01
   4.6412918e-01   6.6643599e-01   8.1397924e-01
   4.5797770e-01   6.6397539e-01   8.1250288e-01
   4.5108804e-01   6.6120723e-01   8.1084198e-01
   4.4346021e-01   6.5813149e-01   8.0899654e-01
   4.3583237e-01   6.5505575e-01   8.0715110e-01
   4.2820454e-01   6.5198001e-01   8.0530565e-01
   4.2057670e-01   6.4890427e-01   8.0346021e-01
   4.1294887e-01   6.4582853e-01   8.0161476e-01
   4.0532103e-01   6.4275279e-01   7.9976932e-01
   3.9769319e-01   6.3967705e-01   7.9792388e-01
   3.9006536e-01   6.3660131e-01   7.9607843e-01
   3.8243752e-01   6.3352557e-01   7.9423299e-01
   3.7480969e-01   6.3044983e-01   7.9238754e-01
   3.6718185e-01   6.2737409e-01   7.9054210e-01
   3.5955402e-01   6.2429835e-01   7.8869666e-01
   3.5192618e-01   6.2122261e-01   7.8685121e-01
   3.4429835e-01   6.1814687e-01   7.8500577e-01
   3.3667051e-01   6.1507113e-01   7.8316032e-01
   3.2904268e-01   6.1199539e-01   7.8131488e-01
   3.2141484e-01   6.0891965e-01   7.7946943e-01
   3.1378700e-01   6.0584391e-01   7.7762399e-01
   3.0615917e-01   6.0276817e-01   7.7577855e-01
   2.9853133e-01   5.9969243e-01   7.7393310e-01
   2.9090350e-01   5.9661669e-01   7.7208766e-01
   2.8327566e-01   5.9354095e-01   7.7024221e-01
   2.7564783e-01   5.9046521e-01   7.6839677e-01
   2.6801999e-01   5.8738947e-01   7.6655133e-01
   2.6039216e-01   5.8431373e-01   7.6470588e-01
   2.5276432e-01   5.8123799e-01   7.6286044e-01
   2.4513649e-01   5.7816225e-01   7.6101499e-01
   2.3750865e-01   5.7508651e-01   7.5916955e-01
   2.2988082e-01   5.7201077e-01   7.5732411e-01
   2.2225298e-01   5.6893502e-01   7.5547866e-01
   2.1462514e-01   5.6585928e-01   7.5363322e-01
   2.0799692e-01   5.6224529e-01   7.5171088e-01
   2.0196847e-01   5.5830834e-01   7.4974241e-01
   1.9594002e-01   5.5437140e-01   7.4777393e-01
   1.8991157e-01   5.5043445e-01   7.4580546e-01
   1.8388312e-01   5.4649750e-01   7.4383699e-01
   1.7785467e-01   5.4256055e-01   7.4186851e-01
   1.7182622e-01   5.3862361e-01   7.3990004e-01
   1.6579777e-01   5.3468666e-01   7.3793156e-01
   1.5976932e-01   5.3074971e-01   7.3596309e-01
   1.5374087e-01   5.2681276e-01   7.3399462e-01
   1.4771242e-01   5.2287582e-01   7.3202614e-01
   1.4168397e-01   5.1893887e-01   7.3005767e-01
   1.3565552e-01   5.1500192e-01   7.2808920e-01
   1.2962707e-01   5.1106498e-01   7.2612072e-01
   1.2359862e-01   5.0712803e-01   7.2415225e-01
   1.1757017e-01   5.0319108e-01   7.2218378e-01
   1.1154171e-01   4.9925413e-01   7.2021530e-01
   1.0551326e-01   4.9531719e-01   7.1824683e-01
   9.9484814e-02   4.9138024e-01   7.1627835e-01
   9.3456363e-02   4.8744329e-01   7.1430988e-01
   8.7427912e-02   4.8350634e-01   7.1234141e-01
   8.1399462e-02   4.7956940e-01   7.1037293e-01
   7.5371011e-02   4.7563245e-01   7.0840446e-01
   6.9342561e-02   4.7169550e-01   7.0643599e-01
   6.3314110e-02   4.6775855e-01   7.0446751e-01
   5.7285659e-02   4.6382161e-01   7.0249904e-01
   5.1257209e-02   4.5988466e-01   7.0053057e-01
   4.5228758e-02   4.5594771e-01   6.9856209e-01
   3.9200308e-02   4.5201077e-01   6.9659362e-01
   3.3171857e-02   4.4807382e-01   6.9462514e-01
   2.7143406e-02   4.4413687e-01   6.9265667e-01
   2.1114956e-02   4.4019992e-01   6.9068820e-01
   1.9515571e-02   4.3718570e-01   6.8696655e-01
   1.9392541e-02   4.3447905e-01   6.8266052e-01
   1.9269512e-02   4.3177240e-01   6.7835448e-01
   1.9146482e-02   4.2906574e-01   6.7404844e-01
   1.9023453e-02   4.2635909e-01   6.6974241e-01
   1.8900423e-02   4.2365244e-01   6.6543637e-01
   1.8777393e-02   4.2094579e-01   6.6113033e-01
   1.8654364e-02   4.1823914e-01   6.5682430e-01
   1.8531334e-02   4.1553249e-01   6.5251826e-01
   1.8408304e-02   4.1282584e-01   6.4821223e-01
   1.8285275e-02   4.1011918e-01   6.4390619e-01
   1.8162245e-02   4.0741253e-01   6.3960015e-01
   1.8039216e-02   4.0470588e-01   6.3529412e-01
   1.7916186e-02   4.0199923e-01   6.3098808e-01
   1.7793156e-02   3.9929258e-01   6.2668205e-01
   1.7670127e-02   3.9658593e-01   6.2237601e-01
   1.7547097e-02   3.9387928e-01   6.1806997e-01
   1.7424068e-02   3.9117263e-01   6.1376394e-01
   1.7301038e-02   3.8846597e-01   6.0945790e-01
   1.7178008e-02   3.8575932e-01   6.0515186e-01
   1.7054979e-02   3.8305267e-01   6.0084583e-01
   1.6931949e-02   3.8034602e-01   5.9653979e-01
   1.6808920e-02   3.7763937e-01   5.9223376e-01
   1.6685890e-02   3.7493272e-01   5.8792772e-01
   1.6562860e-02   3.7222607e-01   5.8362168e-01
   1.6439831e-02   3.6951942e-01   5.7931565e-01
   1.6316801e-02   3.6681276e-01   5.7500961e-01
   1.6193772e-02   3.6410611e-01   5.7070358e-01
   1.6070742e-02   3.6139946e-01   5.6639754e-01
   1.5947712e-02   3.5869281e-01   5.6209150e-01
   1.5824683e-02   3.5598616e-01   5.5778547e-01
   1.5701653e-02   3.5327951e-01   5.5347943e-01
   1.5470973e-02   3.4928105e-01   5.4723568e-01
   1.5224913e-02   3.4509804e-01   5.4071511e-01
   1.4978854e-02   3.4091503e-01   5.3419454e-01
   1.4732795e-02   3.3673203e-01   5.2767397e-01
   1.4486736e-02   3.3254902e-01   5.2115340e-01
   1.4240677e-02   3.2836601e-01   5.1463283e-01
   1.3994617e-02   3.2418301e-01   5.0811226e-01
   1.3748558e-02   3.2000000e-01   5.0159170e-01
   1.3502499e-02   3.1581699e-01   4.9507113e-01
   1.3256440e-02   3.1163399e-01   4.8855056e-01
   1.3010381e-02   3.0745098e-01   4.8202999e-01
   1.2764321e-02   3.0326797e-01   4.7550942e-01
   1.2518262e-02   2.9908497e-01   4.6898885e-01
   1.2272203e-02   2.9490196e-01   4.6246828e-01
   1.2026144e-02   2.9071895e-01   4.5594771e-01
   1.1780085e-02   2.8653595e-01   4.4942714e-01
   1.1534025e-02   2.8235294e-01   4.4290657e-01
   1.1287966e-02   2.7816993e-01   4.3638601e-01
   1.1041907e-02   2.7398693e-01   4.2986544e-01
   1.0795848e-02   2.6980392e-01   4.2334487e-01
   1.0549789e-02   2.6562092e-01   4.1682430e-01
   1.0303729e-02   2.6143791e-01   4.1030373e-01
   1.0057670e-02   2.5725490e-01   4.0378316e-01
   9.8116109e-03   2.5307190e-01   3.9726259e-01
   9.5655517e-03   2.4888889e-01   3.9074202e-01
   9.3194925e-03   2.4470588e-01   3.8422145e-01
   9.0734333e-03   2.4052288e-01   3.7770088e-01
   8.8273741e-03   2.3633987e-01   3.7118032e-01
   8.5813149e-03   2.3215686e-01   3.6465975e-01
   8.3352557e-03   2.2797386e-01   3.5813918e-01
   8.0891965e-03   2.2379085e-01   3.5161861e-01
   7.8431373e-03   2.1960784e-01   3.4509804e-01
