   1.0000000e+00   9.6862745e-01   9.8431373e-01
   9.9766244e-01   9.6604383e-01   9.8296040e-01
   9.9532488e-01   9.6346021e-01   9.8160707e-01
   9.9298731e-01   9.6087659e-01   9.8025375e-01
   9.9064975e-01   9.5829296e-01   9.7890042e-01
   9.8831219e-01   9.5570934e-01   9.7754710e-01
   9.8597463e-01   9.5312572e-01   9.7619377e-01
   9.8363706e-01   9.5054210e-01   9.7484045e-01
   9.8129950e-01   9.4795848e-01   9.7348712e-01
   9.7896194e-01   9.4537486e-01   9.7213379e-01
   9.7662438e-01   9.4279123e-01   9.7078047e-01
   9.7428681e-01   9.4020761e-01   9.6942714e-01
   9.7194925e-01   9.3762399e-01   9.6807382e-01
   9.6961169e-01   9.3504037e-01   9.6672049e-01
   9.6727413e-01   9.3245675e-01   9.6536717e-01
   9.6493656e-01   9.2987313e-01   9.6401384e-01
   9.6259900e-01   9.2728950e-01   9.6266052e-01
   9.6026144e-01   9.2470588e-01   9.6130719e-01
   9.5792388e-01   9.2212226e-01   9.5995386e-01
   9.5558631e-01   9.1953864e-01   9.5860054e-01
   9.5324875e-01   9.1695502e-01   9.5724721e-01
   9.5091119e-01   9.1437140e-01   9.5589389e-01
   9.4857363e-01   9.1178777e-01   9.5454056e-01
   9.4623606e-01   9.0920415e-01   9.5318724e-01
   9.4389850e-01   9.0662053e-01   9.5183391e-01
   9.4156094e-01   9.0403691e-01   9.5048058e-01
   9.3922338e-01   9.0145329e-01   9.4912726e-01
   9.3688581e-01   8.9886967e-01   9.4777393e-01
   9.3454825e-01   8.9628604e-01   9.4642061e-01
   9.3221069e-01   8.9370242e-01   9.4506728e-01
   9.2987313e-01   8.9111880e-01   9.4371396e-01
   9.2753556e-01   8.8853518e-01   9.4236063e-01
   9.2505959e-01   8.8601307e-01   9.4102268e-01
   9.2161476e-01   8.8392157e-01   9.3979239e-01
   9.1816993e-01   8.8183007e-01   9.3856209e-01
   9.1472511e-01   8.7973856e-01   9.3733180e-01
   9.1128028e-01   8.7764706e-01   9.3610150e-01
   9.0783545e-01   8.7555556e-01   9.3487120e-01
   9.0439062e-01   8.7346405e-01   9.3364091e-01
   9.0094579e-01   8.7137255e-01   9.3241061e-01
   8.9750096e-01   8.6928105e-01   9.3118032e-01
   8.9405613e-01   8.6718954e-01   9.2995002e-01
   8.9061130e-01   8.6509804e-01   9.2871972e-01
   8.8716647e-01   8.6300654e-01   9.2748943e-01
   8.8372165e-01   8.6091503e-01   9.2625913e-01
   8.8027682e-01   8.5882353e-01   9.2502884e-01
   8.7683199e-01   8.5673203e-01   9.2379854e-01
   8.7338716e-01   8.5464052e-01   9.2256824e-01
   8.6994233e-01   8.5254902e-01   9.2133795e-01
   8.6649750e-01   8.5045752e-01   9.2010765e-01
   8.6305267e-01   8.4836601e-01   9.1887735e-01
   8.5960784e-01   8.4627451e-01   9.1764706e-01
   8.5616301e-01   8.4418301e-01   9.1641676e-01
   8.5271819e-01   8.4209150e-01   9.1518647e-01
   8.4927336e-01   8.4000000e-01   9.1395617e-01
   8.4582853e-01   8.3790850e-01   9.1272587e-01
   8.4238370e-01   8.3581699e-01   9.1149558e-01
   8.3893887e-01   8.3372549e-01   9.1026528e-01
   8.3549404e-01   8.3163399e-01   9.0903499e-01
   8.3204921e-01   8.2954248e-01   9.0780469e-01
   8.2860438e-01   8.2745098e-01   9.0657439e-01
   8.2515955e-01   8.2535948e-01   9.0534410e-01
   8.2171473e-01   8.2326797e-01   9.0411380e-01
   8.1826990e-01   8.2117647e-01   9.0288351e-01
   8.1439446e-01   8.1899270e-01   9.0162245e-01
   8.0922722e-01   8.1653210e-01   9.0026913e-01
   8.0405998e-01   8.1407151e-01   8.9891580e-01
   7.9889273e-01   8.1161092e-01   8.9756248e-01
   7.9372549e-01   8.0915033e-01   8.9620915e-01
   7.8855825e-01   8.0668973e-01   8.9485582e-01
   7.8339100e-01   8.0422914e-01   8.9350250e-01
   7.7822376e-01   8.0176855e-01   8.9214917e-01
   7.7305652e-01   7.9930796e-01   8.9079585e-01
   7.6788927e-01   7.9684737e-01   8.8944252e-01
   7.6272203e-01   7.9438677e-01   8.8808920e-01
   7.5755479e-01   7.9192618e-01   8.8673587e-01
   7.5238754e-01   7.8946559e-01   8.8538255e-01
   7.4722030e-01   7.8700500e-01   8.8402922e-01
   7.4205306e-01   7.8454441e-01   8.8267589e-01
   7.3688581e-01   7.8208381e-01   8.8132257e-01
   7.3171857e-01   7.7962322e-01   8.7996924e-01
   7.2655133e-01   7.7716263e-01   8.7861592e-01
   7.2138408e-01   7.7470204e-01   8.7726259e-01
   7.1621684e-01   7.7224145e-01   8.7590927e-01
   7.1104960e-01   7.6978085e-01   8.7455594e-01
   7.0588235e-01   7.6732026e-01   8.7320261e-01
   7.0071511e-01   7.6485967e-01   8.7184929e-01
   6.9554787e-01   7.6239908e-01   8.7049596e-01
   6.9038062e-01   7.5993849e-01   8.6914264e-01
   6.8521338e-01   7.5747789e-01   8.6778931e-01
   6.8004614e-01   7.5501730e-01   8.6643599e-01
   6.7487889e-01   7.5255671e-01   8.6508266e-01
   6.6971165e-01   7.5009612e-01   8.6372933e-01
   6.6454441e-01   7.4763552e-01   8.6237601e-01
   6.5937716e-01   7.4517493e-01   8.6102268e-01
   6.5420992e-01   7.4271434e-01   8.5966936e-01
   6.4807382e-01   7.4025375e-01   8.5826990e-01
   6.4032295e-01   7.3779316e-01   8.5679354e-01
   6.3257209e-01   7.3533256e-01   8.5531719e-01
   6.2482122e-01   7.3287197e-01   8.5384083e-01
   6.1707036e-01   7.3041138e-01   8.5236448e-01
   6.0931949e-01   7.2795079e-01   8.5088812e-01
   6.0156863e-01   7.2549020e-01   8.4941176e-01
   5.9381776e-01   7.2302960e-01   8.4793541e-01
   5.8606690e-01   7.2056901e-01   8.4645905e-01
   5.7831603e-01   7.1810842e-01   8.4498270e-01
   5.7056517e-01   7.1564783e-01   8.4350634e-01
   5.6281430e-01   7.1318724e-01   8.4202999e-01
   5.5506344e-01   7.1072664e-01   8.4055363e-01
   5.4731257e-01   7.0826605e-01   8.3907728e-01
   5.3956171e-01   7.0580546e-01   8.3760092e-01
   5.3181084e-01   7.0334487e-01   8.3612457e-01
   5.2405998e-01   7.0088428e-01   8.3464821e-01
   5.1630911e-01   6.9842368e-01   8.3317186e-01
   5.0855825e-01   6.9596309e-01   8.3169550e-01
   5.0080738e-01   6.9350250e-01   8.3021915e-01
   4.9305652e-01   6.9104191e-01   8.2874279e-01
   4.8530565e-01   6.8858131e-01   8.2726644e-01
   4.7755479e-01   6.8612072e-01   8.2579008e-01
   4.6980392e-01   6.8366013e-01   8.2431373e-01
   4.6205306e-01   6.8119954e-01   8.2283737e-01
   4.5430219e-01   6.7873895e-01   8.2136101e-01
   4.4655133e-01   6.7627835e-01   8.1988466e-01
   4.3880046e-01   6.7381776e-01   8.1840830e-01
   4.3104960e-01   6.7135717e-01   8.1693195e-01
   4.2329873e-01   6.6889658e-01   8.1545559e-01
   4.1554787e-01   6.6643599e-01   8.1397924e-01
   4.0779700e-01   6.6397539e-01   8.1250288e-01
   4.0090734e-01   6.6120723e-01   8.1084198e-01
   3.9487889e-01   6.5813149e-01   8.0899654e-01
   3.8885044e-01   6.5505575e-01   8.0715110e-01
   3.8282199e-01   6.5198001e-01   8.0530565e-01
   3.7679354e-01   6.4890427e-01   8.0346021e-01
   3.7076509e-01   6.4582853e-01   8.0161476e-01
   3.6473664e-01   6.4275279e-01   7.9976932e-01
   3.5870819e-01   6.3967705e-01   7.9792388e-01
   3.5267974e-01   6.3660131e-01   7.9607843e-01
   3.4665129e-01   6.3352557e-01   7.9423299e-01
   3.4062284e-01   6.3044983e-01   7.9238754e-01
   3.3459439e-01   6.2737409e-01   7.9054210e-01
   3.2856594e-01   6.2429835e-01   7.8869666e-01
   3.2253749e-01   6.2122261e-01   7.8685121e-01
   3.1650903e-01   6.1814687e-01   7.8500577e-01
   3.1048058e-01   6.1507113e-01   7.8316032e-01
   3.0445213e-01   6.1199539e-01   7.8131488e-01
   2.9842368e-01   6.0891965e-01   7.7946943e-01
   2.9239523e-01   6.0584391e-01   7.7762399e-01
   2.8636678e-01   6.0276817e-01   7.7577855e-01
   2.8033833e-01   5.9969243e-01   7.7393310e-01
   2.7430988e-01   5.9661669e-01   7.7208766e-01
   2.6828143e-01   5.9354095e-01   7.7024221e-01
   2.6225298e-01   5.9046521e-01   7.6839677e-01
   2.5622453e-01   5.8738947e-01   7.6655133e-01
   2.5019608e-01   5.8431373e-01   7.6470588e-01
   2.4416763e-01   5.8123799e-01   7.6286044e-01
   2.3813918e-01   5.7816225e-01   7.6101499e-01
   2.3211073e-01   5.7508651e-01   7.5916955e-01
   2.2608228e-01   5.7201077e-01   7.5732411e-01
   2.2005383e-01   5.6893502e-01   7.5547866e-01
   2.1402537e-01   5.6585928e-01   7.5363322e-01
   2.0776624e-01   5.6355248e-01   7.4878893e-01
   2.0136870e-01   5.6170704e-01   7.4214533e-01
   1.9497116e-01   5.5986159e-01   7.3550173e-01
   1.8857363e-01   5.5801615e-01   7.2885813e-01
   1.8217609e-01   5.5617070e-01   7.2221453e-01
   1.7577855e-01   5.5432526e-01   7.1557093e-01
   1.6938101e-01   5.5247982e-01   7.0892734e-01
   1.6298347e-01   5.5063437e-01   7.0228374e-01
   1.5658593e-01   5.4878893e-01   6.9564014e-01
   1.5018839e-01   5.4694348e-01   6.8899654e-01
   1.4379085e-01   5.4509804e-01   6.8235294e-01
   1.3739331e-01   5.4325260e-01   6.7570934e-01
   1.3099577e-01   5.4140715e-01   6.6906574e-01
   1.2459823e-01   5.3956171e-01   6.6242215e-01
   1.1820069e-01   5.3771626e-01   6.5577855e-01
   1.1180315e-01   5.3587082e-01   6.4913495e-01
   1.0540561e-01   5.3402537e-01   6.4249135e-01
   9.9008074e-02   5.3217993e-01   6.3584775e-01
   9.2610534e-02   5.3033449e-01   6.2920415e-01
   8.6212995e-02   5.2848904e-01   6.2256055e-01
   7.9815456e-02   5.2664360e-01   6.1591696e-01
   7.3417916e-02   5.2479815e-01   6.0927336e-01
   6.7020377e-02   5.2295271e-01   6.0262976e-01
   6.0622837e-02   5.2110727e-01   5.9598616e-01
   5.4225298e-02   5.1926182e-01   5.8934256e-01
   4.7827759e-02   5.1741638e-01   5.8269896e-01
   4.1430219e-02   5.1557093e-01   5.7605536e-01
   3.5032680e-02   5.1372549e-01   5.6941176e-01
   2.8635140e-02   5.1188005e-01   5.6276817e-01
   2.2237601e-02   5.1003460e-01   5.5612457e-01
   1.5840062e-02   5.0818916e-01   5.4948097e-01
   9.4425221e-03   5.0634371e-01   5.4283737e-01
   7.7508651e-03   5.0394464e-01   5.3665513e-01
   7.6278354e-03   5.0136101e-01   5.3062668e-01
   7.5048058e-03   4.9877739e-01   5.2459823e-01
   7.3817762e-03   4.9619377e-01   5.1856978e-01
   7.2587466e-03   4.9361015e-01   5.1254133e-01
   7.1357170e-03   4.9102653e-01   5.0651288e-01
   7.0126874e-03   4.8844291e-01   5.0048443e-01
   6.8896578e-03   4.8585928e-01   4.9445598e-01
   6.7666282e-03   4.8327566e-01   4.8842753e-01
   6.6435986e-03   4.8069204e-01   4.8239908e-01
   6.5205690e-03   4.7810842e-01   4.7637063e-01
   6.3975394e-03   4.7552480e-01   4.7034218e-01
   6.2745098e-03   4.7294118e-01   4.6431373e-01
   6.1514802e-03   4.7035755e-01   4.5828527e-01
   6.0284506e-03   4.6777393e-01   4.5225682e-01
   5.9054210e-03   4.6519031e-01   4.4622837e-01
   5.7823914e-03   4.6260669e-01   4.4019992e-01
   5.6593618e-03   4.6002307e-01   4.3417147e-01
   5.5363322e-03   4.5743945e-01   4.2814302e-01
   5.4133026e-03   4.5485582e-01   4.2211457e-01
   5.2902730e-03   4.5227220e-01   4.1608612e-01
   5.1672434e-03   4.4968858e-01   4.1005767e-01
   5.0442138e-03   4.4710496e-01   4.0402922e-01
   4.9211842e-03   4.4452134e-01   3.9800077e-01
   4.7981546e-03   4.4193772e-01   3.9197232e-01
   4.6751250e-03   4.3935409e-01   3.8594387e-01
   4.5520953e-03   4.3677047e-01   3.7991542e-01
   4.4290657e-03   4.3418685e-01   3.7388697e-01
   4.3060361e-03   4.3160323e-01   3.6785852e-01
   4.1830065e-03   4.2901961e-01   3.6183007e-01
   4.0599769e-03   4.2643599e-01   3.5580161e-01
   3.9369473e-03   4.2385236e-01   3.4977316e-01
   3.9215686e-03   4.1943868e-01   3.4525183e-01
   3.9215686e-03   4.1476355e-01   3.4094579e-01
   3.9215686e-03   4.1008843e-01   3.3663975e-01
   3.9215686e-03   4.0541330e-01   3.3233372e-01
   3.9215686e-03   4.0073818e-01   3.2802768e-01
   3.9215686e-03   3.9606305e-01   3.2372165e-01
   3.9215686e-03   3.9138793e-01   3.1941561e-01
   3.9215686e-03   3.8671280e-01   3.1510957e-01
   3.9215686e-03   3.8203768e-01   3.1080354e-01
   3.9215686e-03   3.7736255e-01   3.0649750e-01
   3.9215686e-03   3.7268743e-01   3.0219146e-01
   3.9215686e-03   3.6801230e-01   2.9788543e-01
   3.9215686e-03   3.6333718e-01   2.9357939e-01
   3.9215686e-03   3.5866205e-01   2.8927336e-01
   3.9215686e-03   3.5398693e-01   2.8496732e-01
   3.9215686e-03   3.4931180e-01   2.8066128e-01
   3.9215686e-03   3.4463668e-01   2.7635525e-01
   3.9215686e-03   3.3996155e-01   2.7204921e-01
   3.9215686e-03   3.3528643e-01   2.6774318e-01
   3.9215686e-03   3.3061130e-01   2.6343714e-01
   3.9215686e-03   3.2593618e-01   2.5913110e-01
   3.9215686e-03   3.2126105e-01   2.5482507e-01
   3.9215686e-03   3.1658593e-01   2.5051903e-01
   3.9215686e-03   3.1191080e-01   2.4621300e-01
   3.9215686e-03   3.0723568e-01   2.4190696e-01
   3.9215686e-03   3.0256055e-01   2.3760092e-01
   3.9215686e-03   2.9788543e-01   2.3329489e-01
   3.9215686e-03   2.9321030e-01   2.2898885e-01
   3.9215686e-03   2.8853518e-01   2.2468281e-01
   3.9215686e-03   2.8386005e-01   2.2037678e-01
   3.9215686e-03   2.7918493e-01   2.1607074e-01
   3.9215686e-03   2.7450980e-01   2.1176471e-01
