   4.9803922e-01   2.3137255e-01   3.1372549e-02
   5.0603614e-01   2.3583237e-01   3.1064975e-02
   5.1403306e-01   2.4029220e-01   3.0757401e-02
   5.2202999e-01   2.4475202e-01   3.0449827e-02
   5.3002691e-01   2.4921184e-01   3.0142253e-02
   5.3802384e-01   2.5367166e-01   2.9834679e-02
   5.4602076e-01   2.5813149e-01   2.9527105e-02
   5.5401769e-01   2.6259131e-01   2.9219531e-02
   5.6201461e-01   2.6705113e-01   2.8911957e-02
   5.7001153e-01   2.7151096e-01   2.8604383e-02
   5.7800846e-01   2.7597078e-01   2.8296809e-02
   5.8600538e-01   2.8043060e-01   2.7989235e-02
   5.9400231e-01   2.8489043e-01   2.7681661e-02
   6.0199923e-01   2.8935025e-01   2.7374087e-02
   6.0999616e-01   2.9381007e-01   2.7066513e-02
   6.1799308e-01   2.9826990e-01   2.6758939e-02
   6.2599000e-01   3.0272972e-01   2.6451365e-02
   6.3398693e-01   3.0718954e-01   2.6143791e-02
   6.4198385e-01   3.1164937e-01   2.5836217e-02
   6.4998078e-01   3.1610919e-01   2.5528643e-02
   6.5797770e-01   3.2056901e-01   2.5221069e-02
   6.6597463e-01   3.2502884e-01   2.4913495e-02
   6.7397155e-01   3.2948866e-01   2.4605921e-02
   6.8196847e-01   3.3394848e-01   2.4298347e-02
   6.8996540e-01   3.3840830e-01   2.3990773e-02
   6.9796232e-01   3.4286813e-01   2.3683199e-02
   7.0542099e-01   3.4832757e-01   2.4605921e-02
   7.1234141e-01   3.5478662e-01   2.6758939e-02
   7.1926182e-01   3.6124567e-01   2.8911957e-02
   7.2618224e-01   3.6770473e-01   3.1064975e-02
   7.3310265e-01   3.7416378e-01   3.3217993e-02
   7.4002307e-01   3.8062284e-01   3.5371011e-02
   7.4694348e-01   3.8708189e-01   3.7524029e-02
   7.5386390e-01   3.9354095e-01   3.9677047e-02
   7.6078431e-01   4.0000000e-01   4.1830065e-02
   7.6770473e-01   4.0645905e-01   4.3983083e-02
   7.7462514e-01   4.1291811e-01   4.6136101e-02
   7.8154556e-01   4.1937716e-01   4.8289120e-02
   7.8846597e-01   4.2583622e-01   5.0442138e-02
   7.9538639e-01   4.3229527e-01   5.2595156e-02
   8.0230681e-01   4.3875433e-01   5.4748174e-02
   8.0922722e-01   4.4521338e-01   5.6901192e-02
   8.1614764e-01   4.5167243e-01   5.9054210e-02
   8.2306805e-01   4.5813149e-01   6.1207228e-02
   8.2998847e-01   4.6459054e-01   6.3360246e-02
   8.3690888e-01   4.7104960e-01   6.5513264e-02
   8.4382930e-01   4.7750865e-01   6.7666282e-02
   8.5074971e-01   4.8396770e-01   6.9819300e-02
   8.5767013e-01   4.9042676e-01   7.1972318e-02
   8.6459054e-01   4.9688581e-01   7.4125336e-02
   8.7151096e-01   5.0334487e-01   7.6278354e-02
   8.7843137e-01   5.0980392e-01   7.8431373e-02
   8.8289120e-01   5.1810842e-01   9.0580546e-02
   8.8735102e-01   5.2641292e-01   1.0272972e-01
   8.9181084e-01   5.3471742e-01   1.1487889e-01
   8.9627067e-01   5.4302191e-01   1.2702807e-01
   9.0073049e-01   5.5132641e-01   1.3917724e-01
   9.0519031e-01   5.5963091e-01   1.5132641e-01
   9.0965013e-01   5.6793541e-01   1.6347559e-01
   9.1410996e-01   5.7623991e-01   1.7562476e-01
   9.1856978e-01   5.8454441e-01   1.8777393e-01
   9.2302960e-01   5.9284890e-01   1.9992311e-01
   9.2748943e-01   6.0115340e-01   2.1207228e-01
   9.3194925e-01   6.0945790e-01   2.2422145e-01
   9.3640907e-01   6.1776240e-01   2.3637063e-01
   9.4086890e-01   6.2606690e-01   2.4851980e-01
   9.4532872e-01   6.3437140e-01   2.6066897e-01
   9.4978854e-01   6.4267589e-01   2.7281815e-01
   9.5424837e-01   6.5098039e-01   2.8496732e-01
   9.5870819e-01   6.5928489e-01   2.9711649e-01
   9.6316801e-01   6.6758939e-01   3.0926567e-01
   9.6762784e-01   6.7589389e-01   3.2141484e-01
   9.7208766e-01   6.8419839e-01   3.3356401e-01
   9.7654748e-01   6.9250288e-01   3.4571319e-01
   9.8100730e-01   7.0080738e-01   3.5786236e-01
   9.8546713e-01   7.0911188e-01   3.7001153e-01
   9.8992695e-01   7.1741638e-01   3.8216071e-01
   9.9223376e-01   7.2464437e-01   3.9461745e-01
   9.9238754e-01   7.3079585e-01   4.0738178e-01
   9.9254133e-01   7.3694733e-01   4.2014610e-01
   9.9269512e-01   7.4309881e-01   4.3291042e-01
   9.9284890e-01   7.4925029e-01   4.4567474e-01
   9.9300269e-01   7.5540177e-01   4.5843906e-01
   9.9315648e-01   7.6155325e-01   4.7120338e-01
   9.9331027e-01   7.6770473e-01   4.8396770e-01
   9.9346405e-01   7.7385621e-01   4.9673203e-01
   9.9361784e-01   7.8000769e-01   5.0949635e-01
   9.9377163e-01   7.8615917e-01   5.2226067e-01
   9.9392541e-01   7.9231065e-01   5.3502499e-01
   9.9407920e-01   7.9846213e-01   5.4778931e-01
   9.9423299e-01   8.0461361e-01   5.6055363e-01
   9.9438677e-01   8.1076509e-01   5.7331795e-01
   9.9454056e-01   8.1691657e-01   5.8608228e-01
   9.9469435e-01   8.2306805e-01   5.9884660e-01
   9.9484814e-01   8.2921953e-01   6.1161092e-01
   9.9500192e-01   8.3537101e-01   6.2437524e-01
   9.9515571e-01   8.4152249e-01   6.3713956e-01
   9.9530950e-01   8.4767397e-01   6.4990388e-01
   9.9546328e-01   8.5382545e-01   6.6266820e-01
   9.9561707e-01   8.5997693e-01   6.7543253e-01
   9.9577086e-01   8.6612841e-01   6.8819685e-01
   9.9592464e-01   8.7227989e-01   7.0096117e-01
   9.9607843e-01   8.7843137e-01   7.1372549e-01
   9.9500192e-01   8.8196847e-01   7.2372165e-01
   9.9392541e-01   8.8550557e-01   7.3371780e-01
   9.9284890e-01   8.8904268e-01   7.4371396e-01
   9.9177240e-01   8.9257978e-01   7.5371011e-01
   9.9069589e-01   8.9611688e-01   7.6370627e-01
   9.8961938e-01   8.9965398e-01   7.7370242e-01
   9.8854287e-01   9.0319108e-01   7.8369858e-01
   9.8746636e-01   9.0672818e-01   7.9369473e-01
   9.8638985e-01   9.1026528e-01   8.0369089e-01
   9.8531334e-01   9.1380238e-01   8.1368704e-01
   9.8423683e-01   9.1733948e-01   8.2368320e-01
   9.8316032e-01   9.2087659e-01   8.3367935e-01
   9.8208381e-01   9.2441369e-01   8.4367551e-01
   9.8100730e-01   9.2795079e-01   8.5367166e-01
   9.7993080e-01   9.3148789e-01   8.6366782e-01
   9.7885429e-01   9.3502499e-01   8.7366398e-01
   9.7777778e-01   9.3856209e-01   8.8366013e-01
   9.7670127e-01   9.4209919e-01   8.9365629e-01
   9.7562476e-01   9.4563629e-01   9.0365244e-01
   9.7454825e-01   9.4917339e-01   9.1364860e-01
   9.7347174e-01   9.5271050e-01   9.2364475e-01
   9.7239523e-01   9.5624760e-01   9.3364091e-01
   9.7131872e-01   9.5978470e-01   9.4363706e-01
   9.7024221e-01   9.6332180e-01   9.5363322e-01
   9.6916571e-01   9.6685890e-01   9.6362937e-01
   9.6624375e-01   9.6639754e-01   9.6770473e-01
   9.6147636e-01   9.6193772e-01   9.6585928e-01
   9.5670896e-01   9.5747789e-01   9.6401384e-01
   9.5194156e-01   9.5301807e-01   9.6216840e-01
   9.4717416e-01   9.4855825e-01   9.6032295e-01
   9.4240677e-01   9.4409842e-01   9.5847751e-01
   9.3763937e-01   9.3963860e-01   9.5663206e-01
   9.3287197e-01   9.3517878e-01   9.5478662e-01
   9.2810458e-01   9.3071895e-01   9.5294118e-01
   9.2333718e-01   9.2625913e-01   9.5109573e-01
   9.1856978e-01   9.2179931e-01   9.4925029e-01
   9.1380238e-01   9.1733948e-01   9.4740484e-01
   9.0903499e-01   9.1287966e-01   9.4555940e-01
   9.0426759e-01   9.0841984e-01   9.4371396e-01
   8.9950019e-01   9.0396002e-01   9.4186851e-01
   8.9473280e-01   8.9950019e-01   9.4002307e-01
   8.8996540e-01   8.9504037e-01   9.3817762e-01
   8.8519800e-01   8.9058055e-01   9.3633218e-01
   8.8043060e-01   8.8612072e-01   9.3448674e-01
   8.7566321e-01   8.8166090e-01   9.3264129e-01
   8.7089581e-01   8.7720108e-01   9.3079585e-01
   8.6612841e-01   8.7274125e-01   9.2895040e-01
   8.6136101e-01   8.6828143e-01   9.2710496e-01
   8.5659362e-01   8.6382161e-01   9.2525952e-01
   8.5182622e-01   8.5936178e-01   9.2341407e-01
   8.4705882e-01   8.5490196e-01   9.2156863e-01
   8.4121492e-01   8.4767397e-01   9.1772395e-01
   8.3537101e-01   8.4044598e-01   9.1387928e-01
   8.2952710e-01   8.3321799e-01   9.1003460e-01
   8.2368320e-01   8.2599000e-01   9.0618993e-01
   8.1783929e-01   8.1876201e-01   9.0234525e-01
   8.1199539e-01   8.1153403e-01   8.9850058e-01
   8.0615148e-01   8.0430604e-01   8.9465590e-01
   8.0030757e-01   7.9707805e-01   8.9081123e-01
   7.9446367e-01   7.8985006e-01   8.8696655e-01
   7.8861976e-01   7.8262207e-01   8.8312188e-01
   7.8277586e-01   7.7539408e-01   8.7927720e-01
   7.7693195e-01   7.6816609e-01   8.7543253e-01
   7.7108804e-01   7.6093810e-01   8.7158785e-01
   7.6524414e-01   7.5371011e-01   8.6774318e-01
   7.5940023e-01   7.4648212e-01   8.6389850e-01
   7.5355632e-01   7.3925413e-01   8.6005383e-01
   7.4771242e-01   7.3202614e-01   8.5620915e-01
   7.4186851e-01   7.2479815e-01   8.5236448e-01
   7.3602461e-01   7.1757017e-01   8.4851980e-01
   7.3018070e-01   7.1034218e-01   8.4467512e-01
   7.2433679e-01   7.0311419e-01   8.4083045e-01
   7.1849289e-01   6.9588620e-01   8.3698577e-01
   7.1264898e-01   6.8865821e-01   8.3314110e-01
   7.0680507e-01   6.8143022e-01   8.2929642e-01
   7.0096117e-01   6.7420223e-01   8.2545175e-01
   6.9419454e-01   6.6628220e-01   8.2060746e-01
   6.8650519e-01   6.5767013e-01   8.1476355e-01
   6.7881584e-01   6.4905805e-01   8.0891965e-01
   6.7112649e-01   6.4044598e-01   8.0307574e-01
   6.6343714e-01   6.3183391e-01   7.9723183e-01
   6.5574779e-01   6.2322184e-01   7.9138793e-01
   6.4805844e-01   6.1460977e-01   7.8554402e-01
   6.4036909e-01   6.0599769e-01   7.7970012e-01
   6.3267974e-01   5.9738562e-01   7.7385621e-01
   6.2499039e-01   5.8877355e-01   7.6801230e-01
   6.1730104e-01   5.8016148e-01   7.6216840e-01
   6.0961169e-01   5.7154940e-01   7.5632449e-01
   6.0192234e-01   5.6293733e-01   7.5048058e-01
   5.9423299e-01   5.5432526e-01   7.4463668e-01
   5.8654364e-01   5.4571319e-01   7.3879277e-01
   5.7885429e-01   5.3710111e-01   7.3294887e-01
   5.7116494e-01   5.2848904e-01   7.2710496e-01
   5.6347559e-01   5.1987697e-01   7.2126105e-01
   5.5578624e-01   5.1126490e-01   7.1541715e-01
   5.4809689e-01   5.0265283e-01   7.0957324e-01
   5.4040754e-01   4.9404075e-01   7.0372933e-01
   5.3271819e-01   4.8542868e-01   6.9788543e-01
   5.2502884e-01   4.7681661e-01   6.9204152e-01
   5.1733948e-01   4.6820454e-01   6.8619762e-01
   5.0965013e-01   4.5959246e-01   6.8035371e-01
   5.0196078e-01   4.5098039e-01   6.7450980e-01
   4.9519416e-01   4.3929258e-01   6.6897347e-01
   4.8842753e-01   4.2760477e-01   6.6343714e-01
   4.8166090e-01   4.1591696e-01   6.5790081e-01
   4.7489427e-01   4.0422914e-01   6.5236448e-01
   4.6812764e-01   3.9254133e-01   6.4682814e-01
   4.6136101e-01   3.8085352e-01   6.4129181e-01
   4.5459439e-01   3.6916571e-01   6.3575548e-01
   4.4782776e-01   3.5747789e-01   6.3021915e-01
   4.4106113e-01   3.4579008e-01   6.2468281e-01
   4.3429450e-01   3.3410227e-01   6.1914648e-01
   4.2752787e-01   3.2241446e-01   6.1361015e-01
   4.2076125e-01   3.1072664e-01   6.0807382e-01
   4.1399462e-01   2.9903883e-01   6.0253749e-01
   4.0722799e-01   2.8735102e-01   5.9700115e-01
   4.0046136e-01   2.7566321e-01   5.9146482e-01
   3.9369473e-01   2.6397539e-01   5.8592849e-01
   3.8692810e-01   2.5228758e-01   5.8039216e-01
   3.8016148e-01   2.4059977e-01   5.7485582e-01
   3.7339485e-01   2.2891196e-01   5.6931949e-01
   3.6662822e-01   2.1722414e-01   5.6378316e-01
   3.5986159e-01   2.0553633e-01   5.5824683e-01
   3.5309496e-01   1.9384852e-01   5.5271050e-01
   3.4632834e-01   1.8216071e-01   5.4717416e-01
   3.3956171e-01   1.7047290e-01   5.4163783e-01
   3.3279508e-01   1.5878508e-01   5.3610150e-01
   3.2641292e-01   1.4994233e-01   5.2864283e-01
   3.2041522e-01   1.4394464e-01   5.1926182e-01
   3.1441753e-01   1.3794694e-01   5.0988082e-01
   3.0841984e-01   1.3194925e-01   5.0049981e-01
   3.0242215e-01   1.2595156e-01   4.9111880e-01
   2.9642445e-01   1.1995386e-01   4.8173779e-01
   2.9042676e-01   1.1395617e-01   4.7235679e-01
   2.8442907e-01   1.0795848e-01   4.6297578e-01
   2.7843137e-01   1.0196078e-01   4.5359477e-01
   2.7243368e-01   9.5963091e-02   4.4421376e-01
   2.6643599e-01   8.9965398e-02   4.3483276e-01
   2.6043829e-01   8.3967705e-02   4.2545175e-01
   2.5444060e-01   7.7970012e-02   4.1607074e-01
   2.4844291e-01   7.1972318e-02   4.0668973e-01
   2.4244521e-01   6.5974625e-02   3.9730873e-01
   2.3644752e-01   5.9976932e-02   3.8792772e-01
   2.3044983e-01   5.3979239e-02   3.7854671e-01
   2.2445213e-01   4.7981546e-02   3.6916571e-01
   2.1845444e-01   4.1983852e-02   3.5978470e-01
   2.1245675e-01   3.5986159e-02   3.5040369e-01
   2.0645905e-01   2.9988466e-02   3.4102268e-01
   2.0046136e-01   2.3990773e-02   3.3164168e-01
   1.9446367e-01   1.7993080e-02   3.2226067e-01
   1.8846597e-01   1.1995386e-02   3.1287966e-01
   1.8246828e-01   5.9976932e-03   3.0349865e-01
   1.7647059e-01   0.0000000e+00   2.9411765e-01
