   9.6862745e-01   9.5686275e-01   9.7647059e-01
   9.6665898e-01   9.5452518e-01   9.7524029e-01
   9.6469050e-01   9.5218762e-01   9.7401000e-01
   9.6272203e-01   9.4985006e-01   9.7277970e-01
   9.6075356e-01   9.4751250e-01   9.7154940e-01
   9.5878508e-01   9.4517493e-01   9.7031911e-01
   9.5681661e-01   9.4283737e-01   9.6908881e-01
   9.5484814e-01   9.4049981e-01   9.6785852e-01
   9.5287966e-01   9.3816225e-01   9.6662822e-01
   9.5091119e-01   9.3582468e-01   9.6539792e-01
   9.4894271e-01   9.3348712e-01   9.6416763e-01
   9.4697424e-01   9.3114956e-01   9.6293733e-01
   9.4500577e-01   9.2881200e-01   9.6170704e-01
   9.4303729e-01   9.2647443e-01   9.6047674e-01
   9.4106882e-01   9.2413687e-01   9.5924644e-01
   9.3910035e-01   9.2179931e-01   9.5801615e-01
   9.3713187e-01   9.1946175e-01   9.5678585e-01
   9.3516340e-01   9.1712418e-01   9.5555556e-01
   9.3319493e-01   9.1478662e-01   9.5432526e-01
   9.3122645e-01   9.1244906e-01   9.5309496e-01
   9.2925798e-01   9.1011150e-01   9.5186467e-01
   9.2728950e-01   9.0777393e-01   9.5063437e-01
   9.2532103e-01   9.0543637e-01   9.4940408e-01
   9.2335256e-01   9.0309881e-01   9.4817378e-01
   9.2138408e-01   9.0076125e-01   9.4694348e-01
   9.1941561e-01   8.9842368e-01   9.4571319e-01
   9.1744714e-01   8.9608612e-01   9.4448289e-01
   9.1547866e-01   8.9374856e-01   9.4325260e-01
   9.1351019e-01   8.9141100e-01   9.4202230e-01
   9.1154171e-01   8.8907343e-01   9.4079200e-01
   9.0957324e-01   8.8673587e-01   9.3956171e-01
   9.0760477e-01   8.8439831e-01   9.3833141e-01
   9.0559016e-01   8.8173779e-01   9.3693195e-01
   9.0325260e-01   8.7681661e-01   9.3434833e-01
   9.0091503e-01   8.7189542e-01   9.3176471e-01
   8.9857747e-01   8.6697424e-01   9.2918108e-01
   8.9623991e-01   8.6205306e-01   9.2659746e-01
   8.9390235e-01   8.5713187e-01   9.2401384e-01
   8.9156478e-01   8.5221069e-01   9.2143022e-01
   8.8922722e-01   8.4728950e-01   9.1884660e-01
   8.8688966e-01   8.4236832e-01   9.1626298e-01
   8.8455210e-01   8.3744714e-01   9.1367935e-01
   8.8221453e-01   8.3252595e-01   9.1109573e-01
   8.7987697e-01   8.2760477e-01   9.0851211e-01
   8.7753941e-01   8.2268358e-01   9.0592849e-01
   8.7520185e-01   8.1776240e-01   9.0334487e-01
   8.7286428e-01   8.1284121e-01   9.0076125e-01
   8.7052672e-01   8.0792003e-01   8.9817762e-01
   8.6818916e-01   8.0299885e-01   8.9559400e-01
   8.6585160e-01   7.9807766e-01   8.9301038e-01
   8.6351403e-01   7.9315648e-01   8.9042676e-01
   8.6117647e-01   7.8823529e-01   8.8784314e-01
   8.5883891e-01   7.8331411e-01   8.8525952e-01
   8.5650135e-01   7.7839293e-01   8.8267589e-01
   8.5416378e-01   7.7347174e-01   8.8009227e-01
   8.5182622e-01   7.6855056e-01   8.7750865e-01
   8.4948866e-01   7.6362937e-01   8.7492503e-01
   8.4715110e-01   7.5870819e-01   8.7234141e-01
   8.4481353e-01   7.5378700e-01   8.6975779e-01
   8.4247597e-01   7.4886582e-01   8.6717416e-01
   8.4013841e-01   7.4394464e-01   8.6459054e-01
   8.3780085e-01   7.3902345e-01   8.6200692e-01
   8.3546328e-01   7.3410227e-01   8.5942330e-01
   8.3312572e-01   7.2918108e-01   8.5683968e-01
   8.3103422e-01   7.2435217e-01   8.5431757e-01
   8.2968089e-01   7.1980008e-01   8.5198001e-01
   8.2832757e-01   7.1524798e-01   8.4964245e-01
   8.2697424e-01   7.1069589e-01   8.4730488e-01
   8.2562092e-01   7.0614379e-01   8.4496732e-01
   8.2426759e-01   7.0159170e-01   8.4262976e-01
   8.2291426e-01   6.9703960e-01   8.4029220e-01
   8.2156094e-01   6.9248750e-01   8.3795463e-01
   8.2020761e-01   6.8793541e-01   8.3561707e-01
   8.1885429e-01   6.8338331e-01   8.3327951e-01
   8.1750096e-01   6.7883122e-01   8.3094195e-01
   8.1614764e-01   6.7427912e-01   8.2860438e-01
   8.1479431e-01   6.6972703e-01   8.2626682e-01
   8.1344098e-01   6.6517493e-01   8.2392926e-01
   8.1208766e-01   6.6062284e-01   8.2159170e-01
   8.1073433e-01   6.5607074e-01   8.1925413e-01
   8.0938101e-01   6.5151865e-01   8.1691657e-01
   8.0802768e-01   6.4696655e-01   8.1457901e-01
   8.0667436e-01   6.4241446e-01   8.1224145e-01
   8.0532103e-01   6.3786236e-01   8.0990388e-01
   8.0396770e-01   6.3331027e-01   8.0756632e-01
   8.0261438e-01   6.2875817e-01   8.0522876e-01
   8.0126105e-01   6.2420607e-01   8.0289120e-01
   7.9990773e-01   6.1965398e-01   8.0055363e-01
   7.9855440e-01   6.1510188e-01   7.9821607e-01
   7.9720108e-01   6.1054979e-01   7.9587851e-01
   7.9584775e-01   6.0599769e-01   7.9354095e-01
   7.9449443e-01   6.0144560e-01   7.9120338e-01
   7.9314110e-01   5.9689350e-01   7.8886582e-01
   7.9178777e-01   5.9234141e-01   7.8652826e-01
   7.9043445e-01   5.8778931e-01   7.8419070e-01
   7.8908112e-01   5.8323722e-01   7.8185313e-01
   7.8925029e-01   5.7822376e-01   7.7933103e-01
   7.9195694e-01   5.7244137e-01   7.7650135e-01
   7.9466359e-01   5.6665898e-01   7.7367166e-01
   7.9737024e-01   5.6087659e-01   7.7084198e-01
   8.0007689e-01   5.5509419e-01   7.6801230e-01
   8.0278354e-01   5.4931180e-01   7.6518262e-01
   8.0549020e-01   5.4352941e-01   7.6235294e-01
   8.0819685e-01   5.3774702e-01   7.5952326e-01
   8.1090350e-01   5.3196463e-01   7.5669358e-01
   8.1361015e-01   5.2618224e-01   7.5386390e-01
   8.1631680e-01   5.2039985e-01   7.5103422e-01
   8.1902345e-01   5.1461745e-01   7.4820454e-01
   8.2173010e-01   5.0883506e-01   7.4537486e-01
   8.2443676e-01   5.0305267e-01   7.4254517e-01
   8.2714341e-01   4.9727028e-01   7.3971549e-01
   8.2985006e-01   4.9148789e-01   7.3688581e-01
   8.3255671e-01   4.8570550e-01   7.3405613e-01
   8.3526336e-01   4.7992311e-01   7.3122645e-01
   8.3797001e-01   4.7414072e-01   7.2839677e-01
   8.4067666e-01   4.6835832e-01   7.2556709e-01
   8.4338331e-01   4.6257593e-01   7.2273741e-01
   8.4608997e-01   4.5679354e-01   7.1990773e-01
   8.4879662e-01   4.5101115e-01   7.1707805e-01
   8.5150327e-01   4.4522876e-01   7.1424837e-01
   8.5420992e-01   4.3944637e-01   7.1141869e-01
   8.5691657e-01   4.3366398e-01   7.0858900e-01
   8.5962322e-01   4.2788158e-01   7.0575932e-01
   8.6232987e-01   4.2209919e-01   7.0292964e-01
   8.6503652e-01   4.1631680e-01   7.0009996e-01
   8.6774318e-01   4.1053441e-01   6.9727028e-01
   8.7044983e-01   4.0475202e-01   6.9444060e-01
   8.7315648e-01   3.9896963e-01   6.9161092e-01
   8.7500192e-01   3.9238754e-01   6.8785852e-01
   8.7598616e-01   3.8500577e-01   6.8318339e-01
   8.7697040e-01   3.7762399e-01   6.7850827e-01
   8.7795463e-01   3.7024221e-01   6.7383314e-01
   8.7893887e-01   3.6286044e-01   6.6915802e-01
   8.7992311e-01   3.5547866e-01   6.6448289e-01
   8.8090734e-01   3.4809689e-01   6.5980777e-01
   8.8189158e-01   3.4071511e-01   6.5513264e-01
   8.8287582e-01   3.3333333e-01   6.5045752e-01
   8.8386005e-01   3.2595156e-01   6.4578239e-01
   8.8484429e-01   3.1856978e-01   6.4110727e-01
   8.8582853e-01   3.1118800e-01   6.3643214e-01
   8.8681276e-01   3.0380623e-01   6.3175702e-01
   8.8779700e-01   2.9642445e-01   6.2708189e-01
   8.8878124e-01   2.8904268e-01   6.2240677e-01
   8.8976547e-01   2.8166090e-01   6.1773164e-01
   8.9074971e-01   2.7427912e-01   6.1305652e-01
   8.9173395e-01   2.6689735e-01   6.0838139e-01
   8.9271819e-01   2.5951557e-01   6.0370627e-01
   8.9370242e-01   2.5213379e-01   5.9903114e-01
   8.9468666e-01   2.4475202e-01   5.9435602e-01
   8.9567090e-01   2.3737024e-01   5.8968089e-01
   8.9665513e-01   2.2998847e-01   5.8500577e-01
   8.9763937e-01   2.2260669e-01   5.8033064e-01
   8.9862361e-01   2.1522491e-01   5.7565552e-01
   8.9960784e-01   2.0784314e-01   5.7098039e-01
   9.0059208e-01   2.0046136e-01   5.6630527e-01
   9.0157632e-01   1.9307958e-01   5.6163014e-01
   9.0256055e-01   1.8569781e-01   5.5695502e-01
   9.0354479e-01   1.7831603e-01   5.5227989e-01
   9.0452903e-01   1.7093426e-01   5.4760477e-01
   9.0551326e-01   1.6355248e-01   5.4292964e-01
   9.0396002e-01   1.5901576e-01   5.3717801e-01
   9.0088428e-01   1.5618608e-01   5.3078047e-01
   8.9780854e-01   1.5335640e-01   5.2438293e-01
   8.9473280e-01   1.5052672e-01   5.1798539e-01
   8.9165705e-01   1.4769704e-01   5.1158785e-01
   8.8858131e-01   1.4486736e-01   5.0519031e-01
   8.8550557e-01   1.4203768e-01   4.9879277e-01
   8.8242983e-01   1.3920800e-01   4.9239523e-01
   8.7935409e-01   1.3637832e-01   4.8599769e-01
   8.7627835e-01   1.3354864e-01   4.7960015e-01
   8.7320261e-01   1.3071895e-01   4.7320261e-01
   8.7012687e-01   1.2788927e-01   4.6680507e-01
   8.6705113e-01   1.2505959e-01   4.6040754e-01
   8.6397539e-01   1.2222991e-01   4.5401000e-01
   8.6089965e-01   1.1940023e-01   4.4761246e-01
   8.5782391e-01   1.1657055e-01   4.4121492e-01
   8.5474817e-01   1.1374087e-01   4.3481738e-01
   8.5167243e-01   1.1091119e-01   4.2841984e-01
   8.4859669e-01   1.0808151e-01   4.2202230e-01
   8.4552095e-01   1.0525183e-01   4.1562476e-01
   8.4244521e-01   1.0242215e-01   4.0922722e-01
   8.3936947e-01   9.9592464e-02   4.0282968e-01
   8.3629373e-01   9.6762784e-02   3.9643214e-01
   8.3321799e-01   9.3933103e-02   3.9003460e-01
   8.3014225e-01   9.1103422e-02   3.8363706e-01
   8.2706651e-01   8.8273741e-02   3.7723952e-01
   8.2399077e-01   8.5444060e-02   3.7084198e-01
   8.2091503e-01   8.2614379e-02   3.6444444e-01
   8.1783929e-01   7.9784698e-02   3.5804691e-01
   8.1476355e-01   7.6955017e-02   3.5164937e-01
   8.1168781e-01   7.4125336e-02   3.4525183e-01
   8.0861207e-01   7.1295656e-02   3.3885429e-01
   8.0286044e-01   6.8927336e-02   3.3550173e-01
   7.9621684e-01   6.6712803e-02   3.3316417e-01
   7.8957324e-01   6.4498270e-02   3.3082661e-01
   7.8292964e-01   6.2283737e-02   3.2848904e-01
   7.7628604e-01   6.0069204e-02   3.2615148e-01
   7.6964245e-01   5.7854671e-02   3.2381392e-01
   7.6299885e-01   5.5640138e-02   3.2147636e-01
   7.5635525e-01   5.3425606e-02   3.1913879e-01
   7.4971165e-01   5.1211073e-02   3.1680123e-01
   7.4306805e-01   4.8996540e-02   3.1446367e-01
   7.3642445e-01   4.6782007e-02   3.1212611e-01
   7.2978085e-01   4.4567474e-02   3.0978854e-01
   7.2313725e-01   4.2352941e-02   3.0745098e-01
   7.1649366e-01   4.0138408e-02   3.0511342e-01
   7.0985006e-01   3.7923875e-02   3.0277586e-01
   7.0320646e-01   3.5709343e-02   3.0043829e-01
   6.9656286e-01   3.3494810e-02   2.9810073e-01
   6.8991926e-01   3.1280277e-02   2.9576317e-01
   6.8327566e-01   2.9065744e-02   2.9342561e-01
   6.7663206e-01   2.6851211e-02   2.9108804e-01
   6.6998847e-01   2.4636678e-02   2.8875048e-01
   6.6334487e-01   2.2422145e-02   2.8641292e-01
   6.5670127e-01   2.0207612e-02   2.8407536e-01
   6.5005767e-01   1.7993080e-02   2.8173779e-01
   6.4341407e-01   1.5778547e-02   2.7940023e-01
   6.3677047e-01   1.3564014e-02   2.7706267e-01
   6.3012687e-01   1.1349481e-02   2.7472511e-01
   6.2348328e-01   9.1349481e-03   2.7238754e-01
   6.1683968e-01   6.9204152e-03   2.7004998e-01
   6.1019608e-01   4.7058824e-03   2.6771242e-01
   6.0355248e-01   2.4913495e-03   2.6537486e-01
   5.9690888e-01   2.7681661e-04   2.6303729e-01
   5.9080354e-01   0.0000000e+00   2.5886967e-01
   5.8477509e-01   0.0000000e+00   2.5444060e-01
   5.7874664e-01   0.0000000e+00   2.5001153e-01
   5.7271819e-01   0.0000000e+00   2.4558247e-01
   5.6668973e-01   0.0000000e+00   2.4115340e-01
   5.6066128e-01   0.0000000e+00   2.3672434e-01
   5.5463283e-01   0.0000000e+00   2.3229527e-01
   5.4860438e-01   0.0000000e+00   2.2786621e-01
   5.4257593e-01   0.0000000e+00   2.2343714e-01
   5.3654748e-01   0.0000000e+00   2.1900807e-01
   5.3051903e-01   0.0000000e+00   2.1457901e-01
   5.2449058e-01   0.0000000e+00   2.1014994e-01
   5.1846213e-01   0.0000000e+00   2.0572088e-01
   5.1243368e-01   0.0000000e+00   2.0129181e-01
   5.0640523e-01   0.0000000e+00   1.9686275e-01
   5.0037678e-01   0.0000000e+00   1.9243368e-01
   4.9434833e-01   0.0000000e+00   1.8800461e-01
   4.8831988e-01   0.0000000e+00   1.8357555e-01
   4.8229143e-01   0.0000000e+00   1.7914648e-01
   4.7626298e-01   0.0000000e+00   1.7471742e-01
   4.7023453e-01   0.0000000e+00   1.7028835e-01
   4.6420607e-01   0.0000000e+00   1.6585928e-01
   4.5817762e-01   0.0000000e+00   1.6143022e-01
   4.5214917e-01   0.0000000e+00   1.5700115e-01
   4.4612072e-01   0.0000000e+00   1.5257209e-01
   4.4009227e-01   0.0000000e+00   1.4814302e-01
   4.3406382e-01   0.0000000e+00   1.4371396e-01
   4.2803537e-01   0.0000000e+00   1.3928489e-01
   4.2200692e-01   0.0000000e+00   1.3485582e-01
   4.1597847e-01   0.0000000e+00   1.3042676e-01
   4.0995002e-01   0.0000000e+00   1.2599769e-01
   4.0392157e-01   0.0000000e+00   1.2156863e-01
