   9.8823529e-01   9.8431373e-01   9.9215686e-01
   9.8663591e-01   9.8259131e-01   9.9117263e-01
   9.8503652e-01   9.8086890e-01   9.9018839e-01
   9.8343714e-01   9.7914648e-01   9.8920415e-01
   9.8183775e-01   9.7742407e-01   9.8821992e-01
   9.8023837e-01   9.7570165e-01   9.8723568e-01
   9.7863899e-01   9.7397924e-01   9.8625144e-01
   9.7703960e-01   9.7225682e-01   9.8526720e-01
   9.7544022e-01   9.7053441e-01   9.8428297e-01
   9.7384083e-01   9.6881200e-01   9.8329873e-01
   9.7224145e-01   9.6708958e-01   9.8231449e-01
   9.7064206e-01   9.6536717e-01   9.8133026e-01
   9.6904268e-01   9.6364475e-01   9.8034602e-01
   9.6744329e-01   9.6192234e-01   9.7936178e-01
   9.6584391e-01   9.6019992e-01   9.7837755e-01
   9.6424452e-01   9.5847751e-01   9.7739331e-01
   9.6264514e-01   9.5675509e-01   9.7640907e-01
   9.6104575e-01   9.5503268e-01   9.7542484e-01
   9.5944637e-01   9.5331027e-01   9.7444060e-01
   9.5784698e-01   9.5158785e-01   9.7345636e-01
   9.5624760e-01   9.4986544e-01   9.7247213e-01
   9.5464821e-01   9.4814302e-01   9.7148789e-01
   9.5304883e-01   9.4642061e-01   9.7050365e-01
   9.5144944e-01   9.4469819e-01   9.6951942e-01
   9.4985006e-01   9.4297578e-01   9.6853518e-01
   9.4825067e-01   9.4125336e-01   9.6755094e-01
   9.4665129e-01   9.3953095e-01   9.6656671e-01
   9.4505190e-01   9.3780854e-01   9.6558247e-01
   9.4345252e-01   9.3608612e-01   9.6459823e-01
   9.4185313e-01   9.3436371e-01   9.6361399e-01
   9.4025375e-01   9.3264129e-01   9.6262976e-01
   9.3865436e-01   9.3091888e-01   9.6164552e-01
   9.3693195e-01   9.2911957e-01   9.6063053e-01
   9.3434833e-01   9.2678201e-01   9.5940023e-01
   9.3176471e-01   9.2444444e-01   9.5816993e-01
   9.2918108e-01   9.2210688e-01   9.5693964e-01
   9.2659746e-01   9.1976932e-01   9.5570934e-01
   9.2401384e-01   9.1743176e-01   9.5447905e-01
   9.2143022e-01   9.1509419e-01   9.5324875e-01
   9.1884660e-01   9.1275663e-01   9.5201845e-01
   9.1626298e-01   9.1041907e-01   9.5078816e-01
   9.1367935e-01   9.0808151e-01   9.4955786e-01
   9.1109573e-01   9.0574394e-01   9.4832757e-01
   9.0851211e-01   9.0340638e-01   9.4709727e-01
   9.0592849e-01   9.0106882e-01   9.4586697e-01
   9.0334487e-01   8.9873126e-01   9.4463668e-01
   9.0076125e-01   8.9639369e-01   9.4340638e-01
   8.9817762e-01   8.9405613e-01   9.4217609e-01
   8.9559400e-01   8.9171857e-01   9.4094579e-01
   8.9301038e-01   8.8938101e-01   9.3971549e-01
   8.9042676e-01   8.8704344e-01   9.3848520e-01
   8.8784314e-01   8.8470588e-01   9.3725490e-01
   8.8525952e-01   8.8236832e-01   9.3602461e-01
   8.8267589e-01   8.8003076e-01   9.3479431e-01
   8.8009227e-01   8.7769319e-01   9.3356401e-01
   8.7750865e-01   8.7535563e-01   9.3233372e-01
   8.7492503e-01   8.7301807e-01   9.3110342e-01
   8.7234141e-01   8.7068051e-01   9.2987313e-01
   8.6975779e-01   8.6834295e-01   9.2864283e-01
   8.6717416e-01   8.6600538e-01   9.2741253e-01
   8.6459054e-01   8.6366782e-01   9.2618224e-01
   8.6200692e-01   8.6133026e-01   9.2495194e-01
   8.5942330e-01   8.5899270e-01   9.2372165e-01
   8.5683968e-01   8.5665513e-01   9.2249135e-01
   8.5397924e-01   8.5401000e-01   9.2110727e-01
   8.5028835e-01   8.5044214e-01   9.1926182e-01
   8.4659746e-01   8.4687428e-01   9.1741638e-01
   8.4290657e-01   8.4330642e-01   9.1557093e-01
   8.3921569e-01   8.3973856e-01   9.1372549e-01
   8.3552480e-01   8.3617070e-01   9.1188005e-01
   8.3183391e-01   8.3260285e-01   9.1003460e-01
   8.2814302e-01   8.2903499e-01   9.0818916e-01
   8.2445213e-01   8.2546713e-01   9.0634371e-01
   8.2076125e-01   8.2189927e-01   9.0449827e-01
   8.1707036e-01   8.1833141e-01   9.0265283e-01
   8.1337947e-01   8.1476355e-01   9.0080738e-01
   8.0968858e-01   8.1119569e-01   8.9896194e-01
   8.0599769e-01   8.0762784e-01   8.9711649e-01
   8.0230681e-01   8.0405998e-01   8.9527105e-01
   7.9861592e-01   8.0049212e-01   8.9342561e-01
   7.9492503e-01   7.9692426e-01   8.9158016e-01
   7.9123414e-01   7.9335640e-01   8.8973472e-01
   7.8754325e-01   7.8978854e-01   8.8788927e-01
   7.8385236e-01   7.8622068e-01   8.8604383e-01
   7.8016148e-01   7.8265283e-01   8.8419839e-01
   7.7647059e-01   7.7908497e-01   8.8235294e-01
   7.7277970e-01   7.7551711e-01   8.8050750e-01
   7.6908881e-01   7.7194925e-01   8.7866205e-01
   7.6539792e-01   7.6838139e-01   8.7681661e-01
   7.6170704e-01   7.6481353e-01   8.7497116e-01
   7.5801615e-01   7.6124567e-01   8.7312572e-01
   7.5432526e-01   7.5767782e-01   8.7128028e-01
   7.5063437e-01   7.5410996e-01   8.6943483e-01
   7.4694348e-01   7.5054210e-01   8.6758939e-01
   7.4325260e-01   7.4697424e-01   8.6574394e-01
   7.3956171e-01   7.4340638e-01   8.6389850e-01
   7.3587082e-01   7.3956171e-01   8.6182238e-01
   7.3217993e-01   7.3525567e-01   8.5936178e-01
   7.2848904e-01   7.3094963e-01   8.5690119e-01
   7.2479815e-01   7.2664360e-01   8.5444060e-01
   7.2110727e-01   7.2233756e-01   8.5198001e-01
   7.1741638e-01   7.1803153e-01   8.4951942e-01
   7.1372549e-01   7.1372549e-01   8.4705882e-01
   7.1003460e-01   7.0941945e-01   8.4459823e-01
   7.0634371e-01   7.0511342e-01   8.4213764e-01
   7.0265283e-01   7.0080738e-01   8.3967705e-01
   6.9896194e-01   6.9650135e-01   8.3721646e-01
   6.9527105e-01   6.9219531e-01   8.3475586e-01
   6.9158016e-01   6.8788927e-01   8.3229527e-01
   6.8788927e-01   6.8358324e-01   8.2983468e-01
   6.8419839e-01   6.7927720e-01   8.2737409e-01
   6.8050750e-01   6.7497116e-01   8.2491349e-01
   6.7681661e-01   6.7066513e-01   8.2245290e-01
   6.7312572e-01   6.6635909e-01   8.1999231e-01
   6.6943483e-01   6.6205306e-01   8.1753172e-01
   6.6574394e-01   6.5774702e-01   8.1507113e-01
   6.6205306e-01   6.5344098e-01   8.1261053e-01
   6.5836217e-01   6.4913495e-01   8.1014994e-01
   6.5467128e-01   6.4482891e-01   8.0768935e-01
   6.5098039e-01   6.4052288e-01   8.0522876e-01
   6.4728950e-01   6.3621684e-01   8.0276817e-01
   6.4359862e-01   6.3191080e-01   8.0030757e-01
   6.3990773e-01   6.2760477e-01   7.9784698e-01
   6.3621684e-01   6.2329873e-01   7.9538639e-01
   6.3252595e-01   6.1899270e-01   7.9292580e-01
   6.2883506e-01   6.1468666e-01   7.9046521e-01
   6.2514418e-01   6.1038062e-01   7.8800461e-01
   6.2145329e-01   6.0607459e-01   7.8554402e-01
   6.1776240e-01   6.0213764e-01   7.8345252e-01
   6.1407151e-01   5.9856978e-01   7.8173010e-01
   6.1038062e-01   5.9500192e-01   7.8000769e-01
   6.0668973e-01   5.9143406e-01   7.7828527e-01
   6.0299885e-01   5.8786621e-01   7.7656286e-01
   5.9930796e-01   5.8429835e-01   7.7484045e-01
   5.9561707e-01   5.8073049e-01   7.7311803e-01
   5.9192618e-01   5.7716263e-01   7.7139562e-01
   5.8823529e-01   5.7359477e-01   7.6967320e-01
   5.8454441e-01   5.7002691e-01   7.6795079e-01
   5.8085352e-01   5.6645905e-01   7.6622837e-01
   5.7716263e-01   5.6289120e-01   7.6450596e-01
   5.7347174e-01   5.5932334e-01   7.6278354e-01
   5.6978085e-01   5.5575548e-01   7.6106113e-01
   5.6608997e-01   5.5218762e-01   7.5933872e-01
   5.6239908e-01   5.4861976e-01   7.5761630e-01
   5.5870819e-01   5.4505190e-01   7.5589389e-01
   5.5501730e-01   5.4148404e-01   7.5417147e-01
   5.5132641e-01   5.3791619e-01   7.5244906e-01
   5.4763552e-01   5.3434833e-01   7.5072664e-01
   5.4394464e-01   5.3078047e-01   7.4900423e-01
   5.4025375e-01   5.2721261e-01   7.4728181e-01
   5.3656286e-01   5.2364475e-01   7.4555940e-01
   5.3287197e-01   5.2007689e-01   7.4383699e-01
   5.2918108e-01   5.1650903e-01   7.4211457e-01
   5.2549020e-01   5.1294118e-01   7.4039216e-01
   5.2179931e-01   5.0937332e-01   7.3866974e-01
   5.1810842e-01   5.0580546e-01   7.3694733e-01
   5.1441753e-01   5.0223760e-01   7.3522491e-01
   5.1072664e-01   4.9866974e-01   7.3350250e-01
   5.0703576e-01   4.9510188e-01   7.3178008e-01
   5.0334487e-01   4.9153403e-01   7.3005767e-01
   5.0026913e-01   4.8681276e-01   7.2764321e-01
   4.9756248e-01   4.8139946e-01   7.2481353e-01
   4.9485582e-01   4.7598616e-01   7.2198385e-01
   4.9214917e-01   4.7057286e-01   7.1915417e-01
   4.8944252e-01   4.6515955e-01   7.1632449e-01
   4.8673587e-01   4.5974625e-01   7.1349481e-01
   4.8402922e-01   4.5433295e-01   7.1066513e-01
   4.8132257e-01   4.4891965e-01   7.0783545e-01
   4.7861592e-01   4.4350634e-01   7.0500577e-01
   4.7590927e-01   4.3809304e-01   7.0217609e-01
   4.7320261e-01   4.3267974e-01   6.9934641e-01
   4.7049596e-01   4.2726644e-01   6.9651672e-01
   4.6778931e-01   4.2185313e-01   6.9368704e-01
   4.6508266e-01   4.1643983e-01   6.9085736e-01
   4.6237601e-01   4.1102653e-01   6.8802768e-01
   4.5966936e-01   4.0561323e-01   6.8519800e-01
   4.5696271e-01   4.0019992e-01   6.8236832e-01
   4.5425606e-01   3.9478662e-01   6.7953864e-01
   4.5154940e-01   3.8937332e-01   6.7670896e-01
   4.4884275e-01   3.8396002e-01   6.7387928e-01
   4.4613610e-01   3.7854671e-01   6.7104960e-01
   4.4342945e-01   3.7313341e-01   6.6821992e-01
   4.4072280e-01   3.6772011e-01   6.6539023e-01
   4.3801615e-01   3.6230681e-01   6.6256055e-01
   4.3530950e-01   3.5689350e-01   6.5973087e-01
   4.3260285e-01   3.5148020e-01   6.5690119e-01
   4.2989619e-01   3.4606690e-01   6.5407151e-01
   4.2718954e-01   3.4065359e-01   6.5124183e-01
   4.2448289e-01   3.3524029e-01   6.4841215e-01
   4.2177624e-01   3.2982699e-01   6.4558247e-01
   4.1906959e-01   3.2441369e-01   6.4275279e-01
   4.1636294e-01   3.1900038e-01   6.3992311e-01
   4.1365629e-01   3.1377163e-01   6.3737024e-01
   4.1094963e-01   3.0860438e-01   6.3490965e-01
   4.0824298e-01   3.0343714e-01   6.3244906e-01
   4.0553633e-01   2.9826990e-01   6.2998847e-01
   4.0282968e-01   2.9310265e-01   6.2752787e-01
   4.0012303e-01   2.8793541e-01   6.2506728e-01
   3.9741638e-01   2.8276817e-01   6.2260669e-01
   3.9470973e-01   2.7760092e-01   6.2014610e-01
   3.9200308e-01   2.7243368e-01   6.1768551e-01
   3.8929642e-01   2.6726644e-01   6.1522491e-01
   3.8658977e-01   2.6209919e-01   6.1276432e-01
   3.8388312e-01   2.5693195e-01   6.1030373e-01
   3.8117647e-01   2.5176471e-01   6.0784314e-01
   3.7846982e-01   2.4659746e-01   6.0538255e-01
   3.7576317e-01   2.4143022e-01   6.0292195e-01
   3.7305652e-01   2.3626298e-01   6.0046136e-01
   3.7034987e-01   2.3109573e-01   5.9800077e-01
   3.6764321e-01   2.2592849e-01   5.9554018e-01
   3.6493656e-01   2.2076125e-01   5.9307958e-01
   3.6222991e-01   2.1559400e-01   5.9061899e-01
   3.5952326e-01   2.1042676e-01   5.8815840e-01
   3.5681661e-01   2.0525952e-01   5.8569781e-01
   3.5410996e-01   2.0009227e-01   5.8323722e-01
   3.5140331e-01   1.9492503e-01   5.8077662e-01
   3.4869666e-01   1.8975779e-01   5.7831603e-01
   3.4599000e-01   1.8459054e-01   5.7585544e-01
   3.4328335e-01   1.7942330e-01   5.7339485e-01
   3.4057670e-01   1.7425606e-01   5.7093426e-01
   3.3787005e-01   1.6908881e-01   5.6847366e-01
   3.3516340e-01   1.6392157e-01   5.6601307e-01
   3.3245675e-01   1.5875433e-01   5.6355248e-01
   3.2975010e-01   1.5358708e-01   5.6109189e-01
   3.2715110e-01   1.4874279e-01   5.5884660e-01
   3.2456747e-01   1.4394464e-01   5.5663206e-01
   3.2198385e-01   1.3914648e-01   5.5441753e-01
   3.1940023e-01   1.3434833e-01   5.5220300e-01
   3.1681661e-01   1.2955017e-01   5.4998847e-01
   3.1423299e-01   1.2475202e-01   5.4777393e-01
   3.1164937e-01   1.1995386e-01   5.4555940e-01
   3.0906574e-01   1.1515571e-01   5.4334487e-01
   3.0648212e-01   1.1035755e-01   5.4113033e-01
   3.0389850e-01   1.0555940e-01   5.3891580e-01
   3.0131488e-01   1.0076125e-01   5.3670127e-01
   2.9873126e-01   9.5963091e-02   5.3448674e-01
   2.9614764e-01   9.1164937e-02   5.3227220e-01
   2.9356401e-01   8.6366782e-02   5.3005767e-01
   2.9098039e-01   8.1568627e-02   5.2784314e-01
   2.8839677e-01   7.6770473e-02   5.2562860e-01
   2.8581315e-01   7.1972318e-02   5.2341407e-01
   2.8322953e-01   6.7174164e-02   5.2119954e-01
   2.8064591e-01   6.2376009e-02   5.1898501e-01
   2.7806228e-01   5.7577855e-02   5.1677047e-01
   2.7547866e-01   5.2779700e-02   5.1455594e-01
   2.7289504e-01   4.7981546e-02   5.1234141e-01
   2.7031142e-01   4.3183391e-02   5.1012687e-01
   2.6772780e-01   3.8385236e-02   5.0791234e-01
   2.6514418e-01   3.3587082e-02   5.0569781e-01
   2.6256055e-01   2.8788927e-02   5.0348328e-01
   2.5997693e-01   2.3990773e-02   5.0126874e-01
   2.5739331e-01   1.9192618e-02   4.9905421e-01
   2.5480969e-01   1.4394464e-02   4.9683968e-01
   2.5222607e-01   9.5963091e-03   4.9462514e-01
   2.4964245e-01   4.7981546e-03   4.9241061e-01
   2.4705882e-01   0.0000000e+00   4.9019608e-01
