   5.0000000e-01   0.0000000e+00   1.0000000e+00
   4.9215686e-01   1.2319660e-02   9.9998103e-01
   4.8431373e-01   2.4637449e-02   9.9992411e-01
   4.7647059e-01   3.6951499e-02   9.9982925e-01
   4.6862745e-01   4.9259941e-02   9.9969645e-01
   4.6078431e-01   6.1560906e-02   9.9952572e-01
   4.5294118e-01   7.3852527e-02   9.9931706e-01
   4.4509804e-01   8.6132939e-02   9.9907048e-01
   4.3725490e-01   9.8400278e-02   9.9878599e-01
   4.2941176e-01   1.1065268e-01   9.9846360e-01
   4.2156863e-01   1.2288829e-01   9.9810333e-01
   4.1372549e-01   1.3510525e-01   9.9770518e-01
   4.0588235e-01   1.4730170e-01   9.9726917e-01
   3.9803922e-01   1.5947579e-01   9.9679532e-01
   3.9019608e-01   1.7162568e-01   9.9628365e-01
   3.8235294e-01   1.8374952e-01   9.9573418e-01
   3.7450980e-01   1.9584547e-01   9.9514692e-01
   3.6666667e-01   2.0791169e-01   9.9452190e-01
   3.5882353e-01   2.1994636e-01   9.9385914e-01
   3.5098039e-01   2.3194764e-01   9.9315867e-01
   3.4313725e-01   2.4391372e-01   9.9242051e-01
   3.3529412e-01   2.5584278e-01   9.9164470e-01
   3.2745098e-01   2.6773300e-01   9.9083125e-01
   3.1960784e-01   2.7958259e-01   9.8998021e-01
   3.1176471e-01   2.9138975e-01   9.8909161e-01
   3.0392157e-01   3.0315267e-01   9.8816547e-01
   2.9607843e-01   3.1486959e-01   9.8720184e-01
   2.8823529e-01   3.2653871e-01   9.8620075e-01
   2.8039216e-01   3.3815827e-01   9.8516223e-01
   2.7254902e-01   3.4972651e-01   9.8408634e-01
   2.6470588e-01   3.6124167e-01   9.8297310e-01
   2.5686275e-01   3.7270199e-01   9.8182256e-01
   2.4901961e-01   3.8410575e-01   9.8063477e-01
   2.4117647e-01   3.9545121e-01   9.7940977e-01
   2.3333333e-01   4.0673664e-01   9.7814760e-01
   2.2549020e-01   4.1796034e-01   9.7684832e-01
   2.1764706e-01   4.2912061e-01   9.7551197e-01
   2.0980392e-01   4.4021574e-01   9.7413860e-01
   2.0196078e-01   4.5124406e-01   9.7272827e-01
   1.9411765e-01   4.6220388e-01   9.7128103e-01
   1.8627451e-01   4.7309356e-01   9.6979694e-01
   1.7843137e-01   4.8391142e-01   9.6827604e-01
   1.7058824e-01   4.9465584e-01   9.6671840e-01
   1.6274510e-01   5.0532518e-01   9.6512409e-01
   1.5490196e-01   5.1591783e-01   9.6349314e-01
   1.4705882e-01   5.2643216e-01   9.6182564e-01
   1.3921569e-01   5.3686660e-01   9.6012165e-01
   1.3137255e-01   5.4721955e-01   9.5838122e-01
   1.2352941e-01   5.5748944e-01   9.5660442e-01
   1.1568627e-01   5.6767472e-01   9.5479132e-01
   1.0784314e-01   5.7777383e-01   9.5294200e-01
   1.0000000e-01   5.8778525e-01   9.5105652e-01
   9.2156863e-02   5.9770746e-01   9.4913494e-01
   8.4313725e-02   6.0753895e-01   9.4717736e-01
   7.6470588e-02   6.1727822e-01   9.4518383e-01
   6.8627451e-02   6.2692381e-01   9.4315443e-01
   6.0784314e-02   6.3647424e-01   9.4108925e-01
   5.2941176e-02   6.4592806e-01   9.3898836e-01
   4.5098039e-02   6.5528385e-01   9.3685184e-01
   3.7254902e-02   6.6454018e-01   9.3467977e-01
   2.9411765e-02   6.7369564e-01   9.3247223e-01
   2.1568627e-02   6.8274886e-01   9.3022931e-01
   1.3725490e-02   6.9169844e-01   9.2795109e-01
   5.8823529e-03   7.0054304e-01   9.2563766e-01
   1.9607843e-03   7.0928131e-01   9.2328911e-01
   9.8039216e-03   7.1791192e-01   9.2090552e-01
   1.7647059e-02   7.2643357e-01   9.1848699e-01
   2.5490196e-02   7.3484497e-01   9.1603360e-01
   3.3333333e-02   7.4314483e-01   9.1354546e-01
   4.1176471e-02   7.5133189e-01   9.1102265e-01
   4.9019608e-02   7.5940492e-01   9.0846527e-01
   5.6862745e-02   7.6736268e-01   9.0587342e-01
   6.4705882e-02   7.7520398e-01   9.0324720e-01
   7.2549020e-02   7.8292761e-01   9.0058670e-01
   8.0392157e-02   7.9053241e-01   8.9789203e-01
   8.8235294e-02   7.9801723e-01   8.9516329e-01
   9.6078431e-02   8.0538092e-01   8.9240058e-01
   1.0392157e-01   8.1262237e-01   8.8960401e-01
   1.1176471e-01   8.1974048e-01   8.8677369e-01
   1.1960784e-01   8.2673417e-01   8.8390971e-01
   1.2745098e-01   8.3360239e-01   8.8101219e-01
   1.3529412e-01   8.4034407e-01   8.7808125e-01
   1.4313725e-01   8.4695821e-01   8.7511698e-01
   1.5098039e-01   8.5344380e-01   8.7211951e-01
   1.5882353e-01   8.5979985e-01   8.6908895e-01
   1.6666667e-01   8.6602540e-01   8.6602540e-01
   1.7450980e-01   8.7211951e-01   8.6292900e-01
   1.8235294e-01   8.7808125e-01   8.5979985e-01
   1.9019608e-01   8.8390971e-01   8.5663808e-01
   1.9803922e-01   8.8960401e-01   8.5344380e-01
   2.0588235e-01   8.9516329e-01   8.5021714e-01
   2.1372549e-01   9.0058670e-01   8.4695821e-01
   2.2156863e-01   9.0587342e-01   8.4366715e-01
   2.2941176e-01   9.1102265e-01   8.4034407e-01
   2.3725490e-01   9.1603360e-01   8.3698911e-01
   2.4509804e-01   9.2090552e-01   8.3360239e-01
   2.5294118e-01   9.2563766e-01   8.3018403e-01
   2.6078431e-01   9.3022931e-01   8.2673417e-01
   2.6862745e-01   9.3467977e-01   8.2325295e-01
   2.7647059e-01   9.3898836e-01   8.1974048e-01
   2.8431373e-01   9.4315443e-01   8.1619691e-01
   2.9215686e-01   9.4717736e-01   8.1262237e-01
   3.0000000e-01   9.5105652e-01   8.0901699e-01
   3.0784314e-01   9.5479132e-01   8.0538092e-01
   3.1568627e-01   9.5838122e-01   8.0171428e-01
   3.2352941e-01   9.6182564e-01   7.9801723e-01
   3.3137255e-01   9.6512409e-01   7.9428989e-01
   3.3921569e-01   9.6827604e-01   7.9053241e-01
   3.4705882e-01   9.7128103e-01   7.8674494e-01
   3.5490196e-01   9.7413860e-01   7.8292761e-01
   3.6274510e-01   9.7684832e-01   7.7908057e-01
   3.7058824e-01   9.7940977e-01   7.7520398e-01
   3.7843137e-01   9.8182256e-01   7.7129796e-01
   3.8627451e-01   9.8408634e-01   7.6736268e-01
   3.9411765e-01   9.8620075e-01   7.6339828e-01
   4.0196078e-01   9.8816547e-01   7.5940492e-01
   4.0980392e-01   9.8998021e-01   7.5538273e-01
   4.1764706e-01   9.9164470e-01   7.5133189e-01
   4.2549020e-01   9.9315867e-01   7.4725253e-01
   4.3333333e-01   9.9452190e-01   7.4314483e-01
   4.4117647e-01   9.9573418e-01   7.3900892e-01
   4.4901961e-01   9.9679532e-01   7.3484497e-01
   4.5686275e-01   9.9770518e-01   7.3065313e-01
   4.6470588e-01   9.9846360e-01   7.2643357e-01
   4.7254902e-01   9.9907048e-01   7.2218645e-01
   4.8039216e-01   9.9952572e-01   7.1791192e-01
   4.8823529e-01   9.9982925e-01   7.1361015e-01
   4.9607843e-01   9.9998103e-01   7.0928131e-01
   5.0392157e-01   9.9998103e-01   7.0492555e-01
   5.1176471e-01   9.9982925e-01   7.0054304e-01
   5.1960784e-01   9.9952572e-01   6.9613395e-01
   5.2745098e-01   9.9907048e-01   6.9169844e-01
   5.3529412e-01   9.9846360e-01   6.8723669e-01
   5.4313725e-01   9.9770518e-01   6.8274886e-01
   5.5098039e-01   9.9679532e-01   6.7823512e-01
   5.5882353e-01   9.9573418e-01   6.7369564e-01
   5.6666667e-01   9.9452190e-01   6.6913061e-01
   5.7450980e-01   9.9315867e-01   6.6454018e-01
   5.8235294e-01   9.9164470e-01   6.5992453e-01
   5.9019608e-01   9.8998021e-01   6.5528385e-01
   5.9803922e-01   9.8816547e-01   6.5061830e-01
   6.0588235e-01   9.8620075e-01   6.4592806e-01
   6.1372549e-01   9.8408634e-01   6.4121331e-01
   6.2156863e-01   9.8182256e-01   6.3647424e-01
   6.2941176e-01   9.7940977e-01   6.3171101e-01
   6.3725490e-01   9.7684832e-01   6.2692381e-01
   6.4509804e-01   9.7413860e-01   6.2211282e-01
   6.5294118e-01   9.7128103e-01   6.1727822e-01
   6.6078431e-01   9.6827604e-01   6.1242020e-01
   6.6862745e-01   9.6512409e-01   6.0753895e-01
   6.7647059e-01   9.6182564e-01   6.0263464e-01
   6.8431373e-01   9.5838122e-01   5.9770746e-01
   6.9215686e-01   9.5479132e-01   5.9275760e-01
   7.0000000e-01   9.5105652e-01   5.8778525e-01
   7.0784314e-01   9.4717736e-01   5.8279060e-01
   7.1568627e-01   9.4315443e-01   5.7777383e-01
   7.2352941e-01   9.3898836e-01   5.7273514e-01
   7.3137255e-01   9.3467977e-01   5.6767472e-01
   7.3921569e-01   9.3022931e-01   5.6259275e-01
   7.4705882e-01   9.2563766e-01   5.5748944e-01
   7.5490196e-01   9.2090552e-01   5.5236497e-01
   7.6274510e-01   9.1603360e-01   5.4721955e-01
   7.7058824e-01   9.1102265e-01   5.4205336e-01
   7.7843137e-01   9.0587342e-01   5.3686660e-01
   7.8627451e-01   9.0058670e-01   5.3165947e-01
   7.9411765e-01   8.9516329e-01   5.2643216e-01
   8.0196078e-01   8.8960401e-01   5.2118488e-01
   8.0980392e-01   8.8390971e-01   5.1591783e-01
   8.1764706e-01   8.7808125e-01   5.1063119e-01
   8.2549020e-01   8.7211951e-01   5.0532518e-01
   8.3333333e-01   8.6602540e-01   5.0000000e-01
   8.4117647e-01   8.5979985e-01   4.9465584e-01
   8.4901961e-01   8.5344380e-01   4.8929292e-01
   8.5686275e-01   8.4695821e-01   4.8391142e-01
   8.6470588e-01   8.4034407e-01   4.7851157e-01
   8.7254902e-01   8.3360239e-01   4.7309356e-01
   8.8039216e-01   8.2673417e-01   4.6765759e-01
   8.8823529e-01   8.1974048e-01   4.6220388e-01
   8.9607843e-01   8.1262237e-01   4.5673264e-01
   9.0392157e-01   8.0538092e-01   4.5124406e-01
   9.1176471e-01   7.9801723e-01   4.4573836e-01
   9.1960784e-01   7.9053241e-01   4.4021574e-01
   9.2745098e-01   7.8292761e-01   4.3467642e-01
   9.3529412e-01   7.7520398e-01   4.2912061e-01
   9.4313725e-01   7.6736268e-01   4.2354851e-01
   9.5098039e-01   7.5940492e-01   4.1796034e-01
   9.5882353e-01   7.5133189e-01   4.1235632e-01
   9.6666667e-01   7.4314483e-01   4.0673664e-01
   9.7450980e-01   7.3484497e-01   4.0110153e-01
   9.8235294e-01   7.2643357e-01   3.9545121e-01
   9.9019608e-01   7.1791192e-01   3.8978587e-01
   9.9803922e-01   7.0928131e-01   3.8410575e-01
   1.0000000e+00   7.0054304e-01   3.7841105e-01
   1.0000000e+00   6.9169844e-01   3.7270199e-01
   1.0000000e+00   6.8274886e-01   3.6697879e-01
   1.0000000e+00   6.7369564e-01   3.6124167e-01
   1.0000000e+00   6.6454018e-01   3.5549083e-01
   1.0000000e+00   6.5528385e-01   3.4972651e-01
   1.0000000e+00   6.4592806e-01   3.4394892e-01
   1.0000000e+00   6.3647424e-01   3.3815827e-01
   1.0000000e+00   6.2692381e-01   3.3235480e-01
   1.0000000e+00   6.1727822e-01   3.2653871e-01
   1.0000000e+00   6.0753895e-01   3.2071024e-01
   1.0000000e+00   5.9770746e-01   3.1486959e-01
   1.0000000e+00   5.8778525e-01   3.0901699e-01
   1.0000000e+00   5.7777383e-01   3.0315267e-01
   1.0000000e+00   5.6767472e-01   2.9727685e-01
   1.0000000e+00   5.5748944e-01   2.9138975e-01
   1.0000000e+00   5.4721955e-01   2.8549159e-01
   1.0000000e+00   5.3686660e-01   2.7958259e-01
   1.0000000e+00   5.2643216e-01   2.7366299e-01
   1.0000000e+00   5.1591783e-01   2.6773300e-01
   1.0000000e+00   5.0532518e-01   2.6179286e-01
   1.0000000e+00   4.9465584e-01   2.5584278e-01
   1.0000000e+00   4.8391142e-01   2.4988299e-01
   1.0000000e+00   4.7309356e-01   2.4391372e-01
   1.0000000e+00   4.6220388e-01   2.3793520e-01
   1.0000000e+00   4.5124406e-01   2.3194764e-01
   1.0000000e+00   4.4021574e-01   2.2595129e-01
   1.0000000e+00   4.2912061e-01   2.1994636e-01
   1.0000000e+00   4.1796034e-01   2.1393308e-01
   1.0000000e+00   4.0673664e-01   2.0791169e-01
   1.0000000e+00   3.9545121e-01   2.0188241e-01
   1.0000000e+00   3.8410575e-01   1.9584547e-01
   1.0000000e+00   3.7270199e-01   1.8980109e-01
   1.0000000e+00   3.6124167e-01   1.8374952e-01
   1.0000000e+00   3.4972651e-01   1.7769097e-01
   1.0000000e+00   3.3815827e-01   1.7162568e-01
   1.0000000e+00   3.2653871e-01   1.6555388e-01
   1.0000000e+00   3.1486959e-01   1.5947579e-01
   1.0000000e+00   3.0315267e-01   1.5339165e-01
   1.0000000e+00   2.9138975e-01   1.4730170e-01
   1.0000000e+00   2.7958259e-01   1.4120615e-01
   1.0000000e+00   2.6773300e-01   1.3510525e-01
   1.0000000e+00   2.5584278e-01   1.2899922e-01
   1.0000000e+00   2.4391372e-01   1.2288829e-01
   1.0000000e+00   2.3194764e-01   1.1677270e-01
   1.0000000e+00   2.1994636e-01   1.1065268e-01
   1.0000000e+00   2.0791169e-01   1.0452846e-01
   1.0000000e+00   1.9584547e-01   9.8400278e-02
   1.0000000e+00   1.8374952e-01   9.2268359e-02
   1.0000000e+00   1.7162568e-01   8.6132939e-02
   1.0000000e+00   1.5947579e-01   7.9994251e-02
   1.0000000e+00   1.4730170e-01   7.3852527e-02
   1.0000000e+00   1.3510525e-01   6.7708001e-02
   1.0000000e+00   1.2288829e-01   6.1560906e-02
   1.0000000e+00   1.1065268e-01   5.5411475e-02
   1.0000000e+00   9.8400278e-02   4.9259941e-02
   1.0000000e+00   8.6132939e-02   4.3106538e-02
   1.0000000e+00   7.3852527e-02   3.6951499e-02
   1.0000000e+00   6.1560906e-02   3.0795059e-02
   1.0000000e+00   4.9259941e-02   2.4637449e-02
   1.0000000e+00   3.6951499e-02   1.8478905e-02
   1.0000000e+00   2.4637449e-02   1.2319660e-02
   1.0000000e+00   1.2319660e-02   6.1599466e-03
   1.0000000e+00   1.2246468e-16   6.1232340e-17
