   4.0392157e-01   0.0000000e+00   1.2156863e-01
   4.1545559e-01   3.6908881e-03   1.2341407e-01
   4.2698962e-01   7.3817762e-03   1.2525952e-01
   4.3852364e-01   1.1072664e-02   1.2710496e-01
   4.5005767e-01   1.4763552e-02   1.2895040e-01
   4.6159170e-01   1.8454441e-02   1.3079585e-01
   4.7312572e-01   2.2145329e-02   1.3264129e-01
   4.8465975e-01   2.5836217e-02   1.3448674e-01
   4.9619377e-01   2.9527105e-02   1.3633218e-01
   5.0772780e-01   3.3217993e-02   1.3817762e-01
   5.1926182e-01   3.6908881e-02   1.4002307e-01
   5.3079585e-01   4.0599769e-02   1.4186851e-01
   5.4232987e-01   4.4290657e-02   1.4371396e-01
   5.5386390e-01   4.7981546e-02   1.4555940e-01
   5.6539792e-01   5.1672434e-02   1.4740484e-01
   5.7693195e-01   5.5363322e-02   1.4925029e-01
   5.8846597e-01   5.9054210e-02   1.5109573e-01
   6.0000000e-01   6.2745098e-02   1.5294118e-01
   6.1153403e-01   6.6435986e-02   1.5478662e-01
   6.2306805e-01   7.0126874e-02   1.5663206e-01
   6.3460208e-01   7.3817762e-02   1.5847751e-01
   6.4613610e-01   7.7508651e-02   1.6032295e-01
   6.5767013e-01   8.1199539e-02   1.6216840e-01
   6.6920415e-01   8.4890427e-02   1.6401384e-01
   6.8073818e-01   8.8581315e-02   1.6585928e-01
   6.9227220e-01   9.2272203e-02   1.6770473e-01
   7.0080738e-01   9.9653979e-02   1.7124183e-01
   7.0634371e-01   1.1072664e-01   1.7647059e-01
   7.1188005e-01   1.2179931e-01   1.8169935e-01
   7.1741638e-01   1.3287197e-01   1.8692810e-01
   7.2295271e-01   1.4394464e-01   1.9215686e-01
   7.2848904e-01   1.5501730e-01   1.9738562e-01
   7.3402537e-01   1.6608997e-01   2.0261438e-01
   7.3956171e-01   1.7716263e-01   2.0784314e-01
   7.4509804e-01   1.8823529e-01   2.1307190e-01
   7.5063437e-01   1.9930796e-01   2.1830065e-01
   7.5617070e-01   2.1038062e-01   2.2352941e-01
   7.6170704e-01   2.2145329e-01   2.2875817e-01
   7.6724337e-01   2.3252595e-01   2.3398693e-01
   7.7277970e-01   2.4359862e-01   2.3921569e-01
   7.7831603e-01   2.5467128e-01   2.4444444e-01
   7.8385236e-01   2.6574394e-01   2.4967320e-01
   7.8938870e-01   2.7681661e-01   2.5490196e-01
   7.9492503e-01   2.8788927e-01   2.6013072e-01
   8.0046136e-01   2.9896194e-01   2.6535948e-01
   8.0599769e-01   3.1003460e-01   2.7058824e-01
   8.1153403e-01   3.2110727e-01   2.7581699e-01
   8.1707036e-01   3.3217993e-01   2.8104575e-01
   8.2260669e-01   3.4325260e-01   2.8627451e-01
   8.2814302e-01   3.5432526e-01   2.9150327e-01
   8.3367935e-01   3.6539792e-01   2.9673203e-01
   8.3921569e-01   3.7647059e-01   3.0196078e-01
   8.4382930e-01   3.8708189e-01   3.1011150e-01
   8.4844291e-01   3.9769319e-01   3.1826221e-01
   8.5305652e-01   4.0830450e-01   3.2641292e-01
   8.5767013e-01   4.1891580e-01   3.3456363e-01
   8.6228374e-01   4.2952710e-01   3.4271434e-01
   8.6689735e-01   4.4013841e-01   3.5086505e-01
   8.7151096e-01   4.5074971e-01   3.5901576e-01
   8.7612457e-01   4.6136101e-01   3.6716647e-01
   8.8073818e-01   4.7197232e-01   3.7531719e-01
   8.8535179e-01   4.8258362e-01   3.8346790e-01
   8.8996540e-01   4.9319493e-01   3.9161861e-01
   8.9457901e-01   5.0380623e-01   3.9976932e-01
   8.9919262e-01   5.1441753e-01   4.0792003e-01
   9.0380623e-01   5.2502884e-01   4.1607074e-01
   9.0841984e-01   5.3564014e-01   4.2422145e-01
   9.1303345e-01   5.4625144e-01   4.3237216e-01
   9.1764706e-01   5.5686275e-01   4.4052288e-01
   9.2226067e-01   5.6747405e-01   4.4867359e-01
   9.2687428e-01   5.7808535e-01   4.5682430e-01
   9.3148789e-01   5.8869666e-01   4.6497501e-01
   9.3610150e-01   5.9930796e-01   4.7312572e-01
   9.4071511e-01   6.0991926e-01   4.8127643e-01
   9.4532872e-01   6.2053057e-01   4.8942714e-01
   9.4994233e-01   6.3114187e-01   4.9757785e-01
   9.5455594e-01   6.4175317e-01   5.0572857e-01
   9.5755479e-01   6.5121107e-01   5.1510957e-01
   9.5893887e-01   6.5951557e-01   5.2572088e-01
   9.6032295e-01   6.6782007e-01   5.3633218e-01
   9.6170704e-01   6.7612457e-01   5.4694348e-01
   9.6309112e-01   6.8442907e-01   5.5755479e-01
   9.6447520e-01   6.9273356e-01   5.6816609e-01
   9.6585928e-01   7.0103806e-01   5.7877739e-01
   9.6724337e-01   7.0934256e-01   5.8938870e-01
   9.6862745e-01   7.1764706e-01   6.0000000e-01
   9.7001153e-01   7.2595156e-01   6.1061130e-01
   9.7139562e-01   7.3425606e-01   6.2122261e-01
   9.7277970e-01   7.4256055e-01   6.3183391e-01
   9.7416378e-01   7.5086505e-01   6.4244521e-01
   9.7554787e-01   7.5916955e-01   6.5305652e-01
   9.7693195e-01   7.6747405e-01   6.6366782e-01
   9.7831603e-01   7.7577855e-01   6.7427912e-01
   9.7970012e-01   7.8408304e-01   6.8489043e-01
   9.8108420e-01   7.9238754e-01   6.9550173e-01
   9.8246828e-01   8.0069204e-01   7.0611303e-01
   9.8385236e-01   8.0899654e-01   7.1672434e-01
   9.8523645e-01   8.1730104e-01   7.2733564e-01
   9.8662053e-01   8.2560554e-01   7.3794694e-01
   9.8800461e-01   8.3391003e-01   7.4855825e-01
   9.8938870e-01   8.4221453e-01   7.5916955e-01
   9.9077278e-01   8.5051903e-01   7.6978085e-01
   9.9215686e-01   8.5882353e-01   7.8039216e-01
   9.9123414e-01   8.6312957e-01   7.8777393e-01
   9.9031142e-01   8.6743560e-01   7.9515571e-01
   9.8938870e-01   8.7174164e-01   8.0253749e-01
   9.8846597e-01   8.7604767e-01   8.0991926e-01
   9.8754325e-01   8.8035371e-01   8.1730104e-01
   9.8662053e-01   8.8465975e-01   8.2468281e-01
   9.8569781e-01   8.8896578e-01   8.3206459e-01
   9.8477509e-01   8.9327182e-01   8.3944637e-01
   9.8385236e-01   8.9757785e-01   8.4682814e-01
   9.8292964e-01   9.0188389e-01   8.5420992e-01
   9.8200692e-01   9.0618993e-01   8.6159170e-01
   9.8108420e-01   9.1049596e-01   8.6897347e-01
   9.8016148e-01   9.1480200e-01   8.7635525e-01
   9.7923875e-01   9.1910804e-01   8.8373702e-01
   9.7831603e-01   9.2341407e-01   8.9111880e-01
   9.7739331e-01   9.2772011e-01   8.9850058e-01
   9.7647059e-01   9.3202614e-01   9.0588235e-01
   9.7554787e-01   9.3633218e-01   9.1326413e-01
   9.7462514e-01   9.4063822e-01   9.2064591e-01
   9.7370242e-01   9.4494425e-01   9.2802768e-01
   9.7277970e-01   9.4925029e-01   9.3540946e-01
   9.7185698e-01   9.5355632e-01   9.4279123e-01
   9.7093426e-01   9.5786236e-01   9.5017301e-01
   9.7001153e-01   9.6216840e-01   9.5755479e-01
   9.6908881e-01   9.6647443e-01   9.6493656e-01
   9.6570550e-01   9.6724337e-01   9.6808920e-01
   9.5986159e-01   9.6447520e-01   9.6701269e-01
   9.5401769e-01   9.6170704e-01   9.6593618e-01
   9.4817378e-01   9.5893887e-01   9.6485967e-01
   9.4232987e-01   9.5617070e-01   9.6378316e-01
   9.3648597e-01   9.5340254e-01   9.6270665e-01
   9.3064206e-01   9.5063437e-01   9.6163014e-01
   9.2479815e-01   9.4786621e-01   9.6055363e-01
   9.1895425e-01   9.4509804e-01   9.5947712e-01
   9.1311034e-01   9.4232987e-01   9.5840062e-01
   9.0726644e-01   9.3956171e-01   9.5732411e-01
   9.0142253e-01   9.3679354e-01   9.5624760e-01
   8.9557862e-01   9.3402537e-01   9.5517109e-01
   8.8973472e-01   9.3125721e-01   9.5409458e-01
   8.8389081e-01   9.2848904e-01   9.5301807e-01
   8.7804691e-01   9.2572088e-01   9.5194156e-01
   8.7220300e-01   9.2295271e-01   9.5086505e-01
   8.6635909e-01   9.2018454e-01   9.4978854e-01
   8.6051519e-01   9.1741638e-01   9.4871203e-01
   8.5467128e-01   9.1464821e-01   9.4763552e-01
   8.4882737e-01   9.1188005e-01   9.4655902e-01
   8.4298347e-01   9.0911188e-01   9.4548251e-01
   8.3713956e-01   9.0634371e-01   9.4440600e-01
   8.3129566e-01   9.0357555e-01   9.4332949e-01
   8.2545175e-01   9.0080738e-01   9.4225298e-01
   8.1960784e-01   8.9803922e-01   9.4117647e-01
   8.0991926e-01   8.9311803e-01   9.3840830e-01
   8.0023068e-01   8.8819685e-01   9.3564014e-01
   7.9054210e-01   8.8327566e-01   9.3287197e-01
   7.8085352e-01   8.7835448e-01   9.3010381e-01
   7.7116494e-01   8.7343329e-01   9.2733564e-01
   7.6147636e-01   8.6851211e-01   9.2456747e-01
   7.5178777e-01   8.6359093e-01   9.2179931e-01
   7.4209919e-01   8.5866974e-01   9.1903114e-01
   7.3241061e-01   8.5374856e-01   9.1626298e-01
   7.2272203e-01   8.4882737e-01   9.1349481e-01
   7.1303345e-01   8.4390619e-01   9.1072664e-01
   7.0334487e-01   8.3898501e-01   9.0795848e-01
   6.9365629e-01   8.3406382e-01   9.0519031e-01
   6.8396770e-01   8.2914264e-01   9.0242215e-01
   6.7427912e-01   8.2422145e-01   8.9965398e-01
   6.6459054e-01   8.1930027e-01   8.9688581e-01
   6.5490196e-01   8.1437908e-01   8.9411765e-01
   6.4521338e-01   8.0945790e-01   8.9134948e-01
   6.3552480e-01   8.0453672e-01   8.8858131e-01
   6.2583622e-01   7.9961553e-01   8.8581315e-01
   6.1614764e-01   7.9469435e-01   8.8304498e-01
   6.0645905e-01   7.8977316e-01   8.8027682e-01
   5.9677047e-01   7.8485198e-01   8.7750865e-01
   5.8708189e-01   7.7993080e-01   8.7474048e-01
   5.7739331e-01   7.7500961e-01   8.7197232e-01
   5.6647443e-01   7.6870434e-01   8.6851211e-01
   5.5432526e-01   7.6101499e-01   8.6435986e-01
   5.4217609e-01   7.5332564e-01   8.6020761e-01
   5.3002691e-01   7.4563629e-01   8.5605536e-01
   5.1787774e-01   7.3794694e-01   8.5190311e-01
   5.0572857e-01   7.3025759e-01   8.4775087e-01
   4.9357939e-01   7.2256824e-01   8.4359862e-01
   4.8143022e-01   7.1487889e-01   8.3944637e-01
   4.6928105e-01   7.0718954e-01   8.3529412e-01
   4.5713187e-01   6.9950019e-01   8.3114187e-01
   4.4498270e-01   6.9181084e-01   8.2698962e-01
   4.3283353e-01   6.8412149e-01   8.2283737e-01
   4.2068435e-01   6.7643214e-01   8.1868512e-01
   4.0853518e-01   6.6874279e-01   8.1453287e-01
   3.9638601e-01   6.6105344e-01   8.1038062e-01
   3.8423683e-01   6.5336409e-01   8.0622837e-01
   3.7208766e-01   6.4567474e-01   8.0207612e-01
   3.5993849e-01   6.3798539e-01   7.9792388e-01
   3.4778931e-01   6.3029604e-01   7.9377163e-01
   3.3564014e-01   6.2260669e-01   7.8961938e-01
   3.2349097e-01   6.1491734e-01   7.8546713e-01
   3.1134179e-01   6.0722799e-01   7.8131488e-01
   2.9919262e-01   5.9953864e-01   7.7716263e-01
   2.8704344e-01   5.9184929e-01   7.7301038e-01
   2.7489427e-01   5.8415994e-01   7.6885813e-01
   2.6274510e-01   5.7647059e-01   7.6470588e-01
   2.5751634e-01   5.6955017e-01   7.6116878e-01
   2.5228758e-01   5.6262976e-01   7.5763168e-01
   2.4705882e-01   5.5570934e-01   7.5409458e-01
   2.4183007e-01   5.4878893e-01   7.5055748e-01
   2.3660131e-01   5.4186851e-01   7.4702038e-01
   2.3137255e-01   5.3494810e-01   7.4348328e-01
   2.2614379e-01   5.2802768e-01   7.3994617e-01
   2.2091503e-01   5.2110727e-01   7.3640907e-01
   2.1568627e-01   5.1418685e-01   7.3287197e-01
   2.1045752e-01   5.0726644e-01   7.2933487e-01
   2.0522876e-01   5.0034602e-01   7.2579777e-01
   2.0000000e-01   4.9342561e-01   7.2226067e-01
   1.9477124e-01   4.8650519e-01   7.1872357e-01
   1.8954248e-01   4.7958478e-01   7.1518647e-01
   1.8431373e-01   4.7266436e-01   7.1164937e-01
   1.7908497e-01   4.6574394e-01   7.0811226e-01
   1.7385621e-01   4.5882353e-01   7.0457516e-01
   1.6862745e-01   4.5190311e-01   7.0103806e-01
   1.6339869e-01   4.4498270e-01   6.9750096e-01
   1.5816993e-01   4.3806228e-01   6.9396386e-01
   1.5294118e-01   4.3114187e-01   6.9042676e-01
   1.4771242e-01   4.2422145e-01   6.8688966e-01
   1.4248366e-01   4.1730104e-01   6.8335256e-01
   1.3725490e-01   4.1038062e-01   6.7981546e-01
   1.3202614e-01   4.0346021e-01   6.7627835e-01
   1.2725875e-01   3.9584775e-01   6.6874279e-01
   1.2295271e-01   3.8754325e-01   6.5720877e-01
   1.1864667e-01   3.7923875e-01   6.4567474e-01
   1.1434064e-01   3.7093426e-01   6.3414072e-01
   1.1003460e-01   3.6262976e-01   6.2260669e-01
   1.0572857e-01   3.5432526e-01   6.1107266e-01
   1.0142253e-01   3.4602076e-01   5.9953864e-01
   9.7116494e-02   3.3771626e-01   5.8800461e-01
   9.2810458e-02   3.2941176e-01   5.7647059e-01
   8.8504421e-02   3.2110727e-01   5.6493656e-01
   8.4198385e-02   3.1280277e-01   5.5340254e-01
   7.9892349e-02   3.0449827e-01   5.4186851e-01
   7.5586313e-02   2.9619377e-01   5.3033449e-01
   7.1280277e-02   2.8788927e-01   5.1880046e-01
   6.6974241e-02   2.7958478e-01   5.0726644e-01
   6.2668205e-02   2.7128028e-01   4.9573241e-01
   5.8362168e-02   2.6297578e-01   4.8419839e-01
   5.4056132e-02   2.5467128e-01   4.7266436e-01
   4.9750096e-02   2.4636678e-01   4.6113033e-01
   4.5444060e-02   2.3806228e-01   4.4959631e-01
   4.1138024e-02   2.2975779e-01   4.3806228e-01
   3.6831988e-02   2.2145329e-01   4.2652826e-01
   3.2525952e-02   2.1314879e-01   4.1499423e-01
   2.8219915e-02   2.0484429e-01   4.0346021e-01
   2.3913879e-02   1.9653979e-01   3.9192618e-01
   1.9607843e-02   1.8823529e-01   3.8039216e-01
