   4.0392157e-01   0.0000000e+00   1.2156863e-01
   4.1545559e-01   3.6908881e-03   1.2341407e-01
   4.2698962e-01   7.3817762e-03   1.2525952e-01
   4.3852364e-01   1.1072664e-02   1.2710496e-01
   4.5005767e-01   1.4763552e-02   1.2895040e-01
   4.6159170e-01   1.8454441e-02   1.3079585e-01
   4.7312572e-01   2.2145329e-02   1.3264129e-01
   4.8465975e-01   2.5836217e-02   1.3448674e-01
   4.9619377e-01   2.9527105e-02   1.3633218e-01
   5.0772780e-01   3.3217993e-02   1.3817762e-01
   5.1926182e-01   3.6908881e-02   1.4002307e-01
   5.3079585e-01   4.0599769e-02   1.4186851e-01
   5.4232987e-01   4.4290657e-02   1.4371396e-01
   5.5386390e-01   4.7981546e-02   1.4555940e-01
   5.6539792e-01   5.1672434e-02   1.4740484e-01
   5.7693195e-01   5.5363322e-02   1.4925029e-01
   5.8846597e-01   5.9054210e-02   1.5109573e-01
   6.0000000e-01   6.2745098e-02   1.5294118e-01
   6.1153403e-01   6.6435986e-02   1.5478662e-01
   6.2306805e-01   7.0126874e-02   1.5663206e-01
   6.3460208e-01   7.3817762e-02   1.5847751e-01
   6.4613610e-01   7.7508651e-02   1.6032295e-01
   6.5767013e-01   8.1199539e-02   1.6216840e-01
   6.6920415e-01   8.4890427e-02   1.6401384e-01
   6.8073818e-01   8.8581315e-02   1.6585928e-01
   6.9227220e-01   9.2272203e-02   1.6770473e-01
   7.0080738e-01   9.9653979e-02   1.7124183e-01
   7.0634371e-01   1.1072664e-01   1.7647059e-01
   7.1188005e-01   1.2179931e-01   1.8169935e-01
   7.1741638e-01   1.3287197e-01   1.8692810e-01
   7.2295271e-01   1.4394464e-01   1.9215686e-01
   7.2848904e-01   1.5501730e-01   1.9738562e-01
   7.3402537e-01   1.6608997e-01   2.0261438e-01
   7.3956171e-01   1.7716263e-01   2.0784314e-01
   7.4509804e-01   1.8823529e-01   2.1307190e-01
   7.5063437e-01   1.9930796e-01   2.1830065e-01
   7.5617070e-01   2.1038062e-01   2.2352941e-01
   7.6170704e-01   2.2145329e-01   2.2875817e-01
   7.6724337e-01   2.3252595e-01   2.3398693e-01
   7.7277970e-01   2.4359862e-01   2.3921569e-01
   7.7831603e-01   2.5467128e-01   2.4444444e-01
   7.8385236e-01   2.6574394e-01   2.4967320e-01
   7.8938870e-01   2.7681661e-01   2.5490196e-01
   7.9492503e-01   2.8788927e-01   2.6013072e-01
   8.0046136e-01   2.9896194e-01   2.6535948e-01
   8.0599769e-01   3.1003460e-01   2.7058824e-01
   8.1153403e-01   3.2110727e-01   2.7581699e-01
   8.1707036e-01   3.3217993e-01   2.8104575e-01
   8.2260669e-01   3.4325260e-01   2.8627451e-01
   8.2814302e-01   3.5432526e-01   2.9150327e-01
   8.3367935e-01   3.6539792e-01   2.9673203e-01
   8.3921569e-01   3.7647059e-01   3.0196078e-01
   8.4382930e-01   3.8708189e-01   3.1011150e-01
   8.4844291e-01   3.9769319e-01   3.1826221e-01
   8.5305652e-01   4.0830450e-01   3.2641292e-01
   8.5767013e-01   4.1891580e-01   3.3456363e-01
   8.6228374e-01   4.2952710e-01   3.4271434e-01
   8.6689735e-01   4.4013841e-01   3.5086505e-01
   8.7151096e-01   4.5074971e-01   3.5901576e-01
   8.7612457e-01   4.6136101e-01   3.6716647e-01
   8.8073818e-01   4.7197232e-01   3.7531719e-01
   8.8535179e-01   4.8258362e-01   3.8346790e-01
   8.8996540e-01   4.9319493e-01   3.9161861e-01
   8.9457901e-01   5.0380623e-01   3.9976932e-01
   8.9919262e-01   5.1441753e-01   4.0792003e-01
   9.0380623e-01   5.2502884e-01   4.1607074e-01
   9.0841984e-01   5.3564014e-01   4.2422145e-01
   9.1303345e-01   5.4625144e-01   4.3237216e-01
   9.1764706e-01   5.5686275e-01   4.4052288e-01
   9.2226067e-01   5.6747405e-01   4.4867359e-01
   9.2687428e-01   5.7808535e-01   4.5682430e-01
   9.3148789e-01   5.8869666e-01   4.6497501e-01
   9.3610150e-01   5.9930796e-01   4.7312572e-01
   9.4071511e-01   6.0991926e-01   4.8127643e-01
   9.4532872e-01   6.2053057e-01   4.8942714e-01
   9.4994233e-01   6.3114187e-01   4.9757785e-01
   9.5455594e-01   6.4175317e-01   5.0572857e-01
   9.5755479e-01   6.5121107e-01   5.1510957e-01
   9.5893887e-01   6.5951557e-01   5.2572088e-01
   9.6032295e-01   6.6782007e-01   5.3633218e-01
   9.6170704e-01   6.7612457e-01   5.4694348e-01
   9.6309112e-01   6.8442907e-01   5.5755479e-01
   9.6447520e-01   6.9273356e-01   5.6816609e-01
   9.6585928e-01   7.0103806e-01   5.7877739e-01
   9.6724337e-01   7.0934256e-01   5.8938870e-01
   9.6862745e-01   7.1764706e-01   6.0000000e-01
   9.7001153e-01   7.2595156e-01   6.1061130e-01
   9.7139562e-01   7.3425606e-01   6.2122261e-01
   9.7277970e-01   7.4256055e-01   6.3183391e-01
   9.7416378e-01   7.5086505e-01   6.4244521e-01
   9.7554787e-01   7.5916955e-01   6.5305652e-01
   9.7693195e-01   7.6747405e-01   6.6366782e-01
   9.7831603e-01   7.7577855e-01   6.7427912e-01
   9.7970012e-01   7.8408304e-01   6.8489043e-01
   9.8108420e-01   7.9238754e-01   6.9550173e-01
   9.8246828e-01   8.0069204e-01   7.0611303e-01
   9.8385236e-01   8.0899654e-01   7.1672434e-01
   9.8523645e-01   8.1730104e-01   7.2733564e-01
   9.8662053e-01   8.2560554e-01   7.3794694e-01
   9.8800461e-01   8.3391003e-01   7.4855825e-01
   9.8938870e-01   8.4221453e-01   7.5916955e-01
   9.9077278e-01   8.5051903e-01   7.6978085e-01
   9.9215686e-01   8.5882353e-01   7.8039216e-01
   9.9246444e-01   8.6435986e-01   7.8900423e-01
   9.9277201e-01   8.6989619e-01   7.9761630e-01
   9.9307958e-01   8.7543253e-01   8.0622837e-01
   9.9338716e-01   8.8096886e-01   8.1484045e-01
   9.9369473e-01   8.8650519e-01   8.2345252e-01
   9.9400231e-01   8.9204152e-01   8.3206459e-01
   9.9430988e-01   8.9757785e-01   8.4067666e-01
   9.9461745e-01   9.0311419e-01   8.4928874e-01
   9.9492503e-01   9.0865052e-01   8.5790081e-01
   9.9523260e-01   9.1418685e-01   8.6651288e-01
   9.9554018e-01   9.1972318e-01   8.7512495e-01
   9.9584775e-01   9.2525952e-01   8.8373702e-01
   9.9615532e-01   9.3079585e-01   8.9234910e-01
   9.9646290e-01   9.3633218e-01   9.0096117e-01
   9.9677047e-01   9.4186851e-01   9.0957324e-01
   9.9707805e-01   9.4740484e-01   9.1818531e-01
   9.9738562e-01   9.5294118e-01   9.2679739e-01
   9.9769319e-01   9.5847751e-01   9.3540946e-01
   9.9800077e-01   9.6401384e-01   9.4402153e-01
   9.9830834e-01   9.6955017e-01   9.5263360e-01
   9.9861592e-01   9.7508651e-01   9.6124567e-01
   9.9892349e-01   9.8062284e-01   9.6985775e-01
   9.9923106e-01   9.8615917e-01   9.7846982e-01
   9.9953864e-01   9.9169550e-01   9.8708189e-01
   9.9984621e-01   9.9723183e-01   9.9569396e-01
   9.9761630e-01   9.9761630e-01   9.9761630e-01
   9.9284890e-01   9.9284890e-01   9.9284890e-01
   9.8808151e-01   9.8808151e-01   9.8808151e-01
   9.8331411e-01   9.8331411e-01   9.8331411e-01
   9.7854671e-01   9.7854671e-01   9.7854671e-01
   9.7377932e-01   9.7377932e-01   9.7377932e-01
   9.6901192e-01   9.6901192e-01   9.6901192e-01
   9.6424452e-01   9.6424452e-01   9.6424452e-01
   9.5947712e-01   9.5947712e-01   9.5947712e-01
   9.5470973e-01   9.5470973e-01   9.5470973e-01
   9.4994233e-01   9.4994233e-01   9.4994233e-01
   9.4517493e-01   9.4517493e-01   9.4517493e-01
   9.4040754e-01   9.4040754e-01   9.4040754e-01
   9.3564014e-01   9.3564014e-01   9.3564014e-01
   9.3087274e-01   9.3087274e-01   9.3087274e-01
   9.2610534e-01   9.2610534e-01   9.2610534e-01
   9.2133795e-01   9.2133795e-01   9.2133795e-01
   9.1657055e-01   9.1657055e-01   9.1657055e-01
   9.1180315e-01   9.1180315e-01   9.1180315e-01
   9.0703576e-01   9.0703576e-01   9.0703576e-01
   9.0226836e-01   9.0226836e-01   9.0226836e-01
   8.9750096e-01   8.9750096e-01   8.9750096e-01
   8.9273356e-01   8.9273356e-01   8.9273356e-01
   8.8796617e-01   8.8796617e-01   8.8796617e-01
   8.8319877e-01   8.8319877e-01   8.8319877e-01
   8.7843137e-01   8.7843137e-01   8.7843137e-01
   8.7258747e-01   8.7258747e-01   8.7258747e-01
   8.6674356e-01   8.6674356e-01   8.6674356e-01
   8.6089965e-01   8.6089965e-01   8.6089965e-01
   8.5505575e-01   8.5505575e-01   8.5505575e-01
   8.4921184e-01   8.4921184e-01   8.4921184e-01
   8.4336794e-01   8.4336794e-01   8.4336794e-01
   8.3752403e-01   8.3752403e-01   8.3752403e-01
   8.3168012e-01   8.3168012e-01   8.3168012e-01
   8.2583622e-01   8.2583622e-01   8.2583622e-01
   8.1999231e-01   8.1999231e-01   8.1999231e-01
   8.1414840e-01   8.1414840e-01   8.1414840e-01
   8.0830450e-01   8.0830450e-01   8.0830450e-01
   8.0246059e-01   8.0246059e-01   8.0246059e-01
   7.9661669e-01   7.9661669e-01   7.9661669e-01
   7.9077278e-01   7.9077278e-01   7.9077278e-01
   7.8492887e-01   7.8492887e-01   7.8492887e-01
   7.7908497e-01   7.7908497e-01   7.7908497e-01
   7.7324106e-01   7.7324106e-01   7.7324106e-01
   7.6739715e-01   7.6739715e-01   7.6739715e-01
   7.6155325e-01   7.6155325e-01   7.6155325e-01
   7.5570934e-01   7.5570934e-01   7.5570934e-01
   7.4986544e-01   7.4986544e-01   7.4986544e-01
   7.4402153e-01   7.4402153e-01   7.4402153e-01
   7.3817762e-01   7.3817762e-01   7.3817762e-01
   7.3233372e-01   7.3233372e-01   7.3233372e-01
   7.2549020e-01   7.2549020e-01   7.2549020e-01
   7.1764706e-01   7.1764706e-01   7.1764706e-01
   7.0980392e-01   7.0980392e-01   7.0980392e-01
   7.0196078e-01   7.0196078e-01   7.0196078e-01
   6.9411765e-01   6.9411765e-01   6.9411765e-01
   6.8627451e-01   6.8627451e-01   6.8627451e-01
   6.7843137e-01   6.7843137e-01   6.7843137e-01
   6.7058824e-01   6.7058824e-01   6.7058824e-01
   6.6274510e-01   6.6274510e-01   6.6274510e-01
   6.5490196e-01   6.5490196e-01   6.5490196e-01
   6.4705882e-01   6.4705882e-01   6.4705882e-01
   6.3921569e-01   6.3921569e-01   6.3921569e-01
   6.3137255e-01   6.3137255e-01   6.3137255e-01
   6.2352941e-01   6.2352941e-01   6.2352941e-01
   6.1568627e-01   6.1568627e-01   6.1568627e-01
   6.0784314e-01   6.0784314e-01   6.0784314e-01
   6.0000000e-01   6.0000000e-01   6.0000000e-01
   5.9215686e-01   5.9215686e-01   5.9215686e-01
   5.8431373e-01   5.8431373e-01   5.8431373e-01
   5.7647059e-01   5.7647059e-01   5.7647059e-01
   5.6862745e-01   5.6862745e-01   5.6862745e-01
   5.6078431e-01   5.6078431e-01   5.6078431e-01
   5.5294118e-01   5.5294118e-01   5.5294118e-01
   5.4509804e-01   5.4509804e-01   5.4509804e-01
   5.3725490e-01   5.3725490e-01   5.3725490e-01
   5.2941176e-01   5.2941176e-01   5.2941176e-01
   5.2049212e-01   5.2049212e-01   5.2049212e-01
   5.1157247e-01   5.1157247e-01   5.1157247e-01
   5.0265283e-01   5.0265283e-01   5.0265283e-01
   4.9373318e-01   4.9373318e-01   4.9373318e-01
   4.8481353e-01   4.8481353e-01   4.8481353e-01
   4.7589389e-01   4.7589389e-01   4.7589389e-01
   4.6697424e-01   4.6697424e-01   4.6697424e-01
   4.5805459e-01   4.5805459e-01   4.5805459e-01
   4.4913495e-01   4.4913495e-01   4.4913495e-01
   4.4021530e-01   4.4021530e-01   4.4021530e-01
   4.3129566e-01   4.3129566e-01   4.3129566e-01
   4.2237601e-01   4.2237601e-01   4.2237601e-01
   4.1345636e-01   4.1345636e-01   4.1345636e-01
   4.0453672e-01   4.0453672e-01   4.0453672e-01
   3.9561707e-01   3.9561707e-01   3.9561707e-01
   3.8669742e-01   3.8669742e-01   3.8669742e-01
   3.7777778e-01   3.7777778e-01   3.7777778e-01
   3.6885813e-01   3.6885813e-01   3.6885813e-01
   3.5993849e-01   3.5993849e-01   3.5993849e-01
   3.5101884e-01   3.5101884e-01   3.5101884e-01
   3.4209919e-01   3.4209919e-01   3.4209919e-01
   3.3317955e-01   3.3317955e-01   3.3317955e-01
   3.2425990e-01   3.2425990e-01   3.2425990e-01
   3.1534025e-01   3.1534025e-01   3.1534025e-01
   3.0642061e-01   3.0642061e-01   3.0642061e-01
   2.9803922e-01   2.9803922e-01   2.9803922e-01
   2.9019608e-01   2.9019608e-01   2.9019608e-01
   2.8235294e-01   2.8235294e-01   2.8235294e-01
   2.7450980e-01   2.7450980e-01   2.7450980e-01
   2.6666667e-01   2.6666667e-01   2.6666667e-01
   2.5882353e-01   2.5882353e-01   2.5882353e-01
   2.5098039e-01   2.5098039e-01   2.5098039e-01
   2.4313725e-01   2.4313725e-01   2.4313725e-01
   2.3529412e-01   2.3529412e-01   2.3529412e-01
   2.2745098e-01   2.2745098e-01   2.2745098e-01
   2.1960784e-01   2.1960784e-01   2.1960784e-01
   2.1176471e-01   2.1176471e-01   2.1176471e-01
   2.0392157e-01   2.0392157e-01   2.0392157e-01
   1.9607843e-01   1.9607843e-01   1.9607843e-01
   1.8823529e-01   1.8823529e-01   1.8823529e-01
   1.8039216e-01   1.8039216e-01   1.8039216e-01
   1.7254902e-01   1.7254902e-01   1.7254902e-01
   1.6470588e-01   1.6470588e-01   1.6470588e-01
   1.5686275e-01   1.5686275e-01   1.5686275e-01
   1.4901961e-01   1.4901961e-01   1.4901961e-01
   1.4117647e-01   1.4117647e-01   1.4117647e-01
   1.3333333e-01   1.3333333e-01   1.3333333e-01
   1.2549020e-01   1.2549020e-01   1.2549020e-01
   1.1764706e-01   1.1764706e-01   1.1764706e-01
   1.0980392e-01   1.0980392e-01   1.0980392e-01
   1.0196078e-01   1.0196078e-01   1.0196078e-01
