   1.0000000e+00   9.6862745e-01   9.5294118e-01
   9.9975394e-01   9.6579777e-01   9.5023453e-01
   9.9950788e-01   9.6296809e-01   9.4752787e-01
   9.9926182e-01   9.6013841e-01   9.4482122e-01
   9.9901576e-01   9.5730873e-01   9.4211457e-01
   9.9876970e-01   9.5447905e-01   9.3940792e-01
   9.9852364e-01   9.5164937e-01   9.3670127e-01
   9.9827759e-01   9.4881968e-01   9.3399462e-01
   9.9803153e-01   9.4599000e-01   9.3128797e-01
   9.9778547e-01   9.4316032e-01   9.2858131e-01
   9.9753941e-01   9.4033064e-01   9.2587466e-01
   9.9729335e-01   9.3750096e-01   9.2316801e-01
   9.9704729e-01   9.3467128e-01   9.2046136e-01
   9.9680123e-01   9.3184160e-01   9.1775471e-01
   9.9655517e-01   9.2901192e-01   9.1504806e-01
   9.9630911e-01   9.2618224e-01   9.1234141e-01
   9.9606305e-01   9.2335256e-01   9.0963476e-01
   9.9581699e-01   9.2052288e-01   9.0692810e-01
   9.9557093e-01   9.1769319e-01   9.0422145e-01
   9.9532488e-01   9.1486351e-01   9.0151480e-01
   9.9507882e-01   9.1203383e-01   8.9880815e-01
   9.9483276e-01   9.0920415e-01   8.9610150e-01
   9.9458670e-01   9.0637447e-01   8.9339485e-01
   9.9434064e-01   9.0354479e-01   8.9068820e-01
   9.9409458e-01   9.0071511e-01   8.8798155e-01
   9.9384852e-01   8.9788543e-01   8.8527489e-01
   9.9360246e-01   8.9505575e-01   8.8256824e-01
   9.9335640e-01   8.9222607e-01   8.7986159e-01
   9.9311034e-01   8.8939639e-01   8.7715494e-01
   9.9286428e-01   8.8656671e-01   8.7444829e-01
   9.9261822e-01   8.8373702e-01   8.7174164e-01
   9.9237216e-01   8.8090734e-01   8.6903499e-01
   9.9214148e-01   8.7801615e-01   8.6622068e-01
   9.9201845e-01   8.7469435e-01   8.6265283e-01
   9.9189542e-01   8.7137255e-01   8.5908497e-01
   9.9177240e-01   8.6805075e-01   8.5551711e-01
   9.9164937e-01   8.6472895e-01   8.5194925e-01
   9.9152634e-01   8.6140715e-01   8.4838139e-01
   9.9140331e-01   8.5808535e-01   8.4481353e-01
   9.9128028e-01   8.5476355e-01   8.4124567e-01
   9.9115725e-01   8.5144175e-01   8.3767782e-01
   9.9103422e-01   8.4811995e-01   8.3410996e-01
   9.9091119e-01   8.4479815e-01   8.3054210e-01
   9.9078816e-01   8.4147636e-01   8.2697424e-01
   9.9066513e-01   8.3815456e-01   8.2340638e-01
   9.9054210e-01   8.3483276e-01   8.1983852e-01
   9.9041907e-01   8.3151096e-01   8.1627067e-01
   9.9029604e-01   8.2818916e-01   8.1270281e-01
   9.9017301e-01   8.2486736e-01   8.0913495e-01
   9.9004998e-01   8.2154556e-01   8.0556709e-01
   9.8992695e-01   8.1822376e-01   8.0199923e-01
   9.8980392e-01   8.1490196e-01   7.9843137e-01
   9.8968089e-01   8.1158016e-01   7.9486351e-01
   9.8955786e-01   8.0825836e-01   7.9129566e-01
   9.8943483e-01   8.0493656e-01   7.8772780e-01
   9.8931180e-01   8.0161476e-01   7.8415994e-01
   9.8918877e-01   7.9829296e-01   7.8059208e-01
   9.8906574e-01   7.9497116e-01   7.7702422e-01
   9.8894271e-01   7.9164937e-01   7.7345636e-01
   9.8881968e-01   7.8832757e-01   7.6988850e-01
   9.8869666e-01   7.8500577e-01   7.6632065e-01
   9.8857363e-01   7.8168397e-01   7.6275279e-01
   9.8845060e-01   7.7836217e-01   7.5918493e-01
   9.8832757e-01   7.7504037e-01   7.5561707e-01
   9.8817378e-01   7.7138024e-01   7.5260285e-01
   9.8792772e-01   7.6670511e-01   7.5124952e-01
   9.8768166e-01   7.6202999e-01   7.4989619e-01
   9.8743560e-01   7.5735486e-01   7.4854287e-01
   9.8718954e-01   7.5267974e-01   7.4718954e-01
   9.8694348e-01   7.4800461e-01   7.4583622e-01
   9.8669742e-01   7.4332949e-01   7.4448289e-01
   9.8645136e-01   7.3865436e-01   7.4312957e-01
   9.8620531e-01   7.3397924e-01   7.4177624e-01
   9.8595925e-01   7.2930411e-01   7.4042291e-01
   9.8571319e-01   7.2462899e-01   7.3906959e-01
   9.8546713e-01   7.1995386e-01   7.3771626e-01
   9.8522107e-01   7.1527874e-01   7.3636294e-01
   9.8497501e-01   7.1060361e-01   7.3500961e-01
   9.8472895e-01   7.0592849e-01   7.3365629e-01
   9.8448289e-01   7.0125336e-01   7.3230296e-01
   9.8423683e-01   6.9657824e-01   7.3094963e-01
   9.8399077e-01   6.9190311e-01   7.2959631e-01
   9.8374471e-01   6.8722799e-01   7.2824298e-01
   9.8349865e-01   6.8255286e-01   7.2688966e-01
   9.8325260e-01   6.7787774e-01   7.2553633e-01
   9.8300654e-01   6.7320261e-01   7.2418301e-01
   9.8276048e-01   6.6852749e-01   7.2282968e-01
   9.8251442e-01   6.6385236e-01   7.2147636e-01
   9.8226836e-01   6.5917724e-01   7.2012303e-01
   9.8202230e-01   6.5450211e-01   7.1876970e-01
   9.8177624e-01   6.4982699e-01   7.1741638e-01
   9.8153018e-01   6.4515186e-01   7.1606305e-01
   9.8128412e-01   6.4047674e-01   7.1470973e-01
   9.8103806e-01   6.3580161e-01   7.1335640e-01
   9.8079200e-01   6.3112649e-01   7.1200308e-01
   9.8054594e-01   6.2645136e-01   7.1064975e-01
   9.8025375e-01   6.2099193e-01   7.0888120e-01
   9.7988466e-01   6.1422530e-01   7.0642061e-01
   9.7951557e-01   6.0745867e-01   7.0396002e-01
   9.7914648e-01   6.0069204e-01   7.0149942e-01
   9.7877739e-01   5.9392541e-01   6.9903883e-01
   9.7840830e-01   5.8715879e-01   6.9657824e-01
   9.7803922e-01   5.8039216e-01   6.9411765e-01
   9.7767013e-01   5.7362553e-01   6.9165705e-01
   9.7730104e-01   5.6685890e-01   6.8919646e-01
   9.7693195e-01   5.6009227e-01   6.8673587e-01
   9.7656286e-01   5.5332564e-01   6.8427528e-01
   9.7619377e-01   5.4655902e-01   6.8181469e-01
   9.7582468e-01   5.3979239e-01   6.7935409e-01
   9.7545559e-01   5.3302576e-01   6.7689350e-01
   9.7508651e-01   5.2625913e-01   6.7443291e-01
   9.7471742e-01   5.1949250e-01   6.7197232e-01
   9.7434833e-01   5.1272587e-01   6.6951173e-01
   9.7397924e-01   5.0595925e-01   6.6705113e-01
   9.7361015e-01   4.9919262e-01   6.6459054e-01
   9.7324106e-01   4.9242599e-01   6.6212995e-01
   9.7287197e-01   4.8565936e-01   6.5966936e-01
   9.7250288e-01   4.7889273e-01   6.5720877e-01
   9.7213379e-01   4.7212611e-01   6.5474817e-01
   9.7176471e-01   4.6535948e-01   6.5228758e-01
   9.7139562e-01   4.5859285e-01   6.4982699e-01
   9.7102653e-01   4.5182622e-01   6.4736640e-01
   9.7065744e-01   4.4505959e-01   6.4490581e-01
   9.7028835e-01   4.3829296e-01   6.4244521e-01
   9.6991926e-01   4.3152634e-01   6.3998462e-01
   9.6955017e-01   4.2475971e-01   6.3752403e-01
   9.6918108e-01   4.1799308e-01   6.3506344e-01
   9.6881200e-01   4.1122645e-01   6.3260285e-01
   9.6702807e-01   4.0464437e-01   6.3075740e-01
   9.6382930e-01   3.9824683e-01   6.2952710e-01
   9.6063053e-01   3.9184929e-01   6.2829681e-01
   9.5743176e-01   3.8545175e-01   6.2706651e-01
   9.5423299e-01   3.7905421e-01   6.2583622e-01
   9.5103422e-01   3.7265667e-01   6.2460592e-01
   9.4783545e-01   3.6625913e-01   6.2337562e-01
   9.4463668e-01   3.5986159e-01   6.2214533e-01
   9.4143791e-01   3.5346405e-01   6.2091503e-01
   9.3823914e-01   3.4706651e-01   6.1968474e-01
   9.3504037e-01   3.4066897e-01   6.1845444e-01
   9.3184160e-01   3.3427143e-01   6.1722414e-01
   9.2864283e-01   3.2787389e-01   6.1599385e-01
   9.2544406e-01   3.2147636e-01   6.1476355e-01
   9.2224529e-01   3.1507882e-01   6.1353326e-01
   9.1904652e-01   3.0868128e-01   6.1230296e-01
   9.1584775e-01   3.0228374e-01   6.1107266e-01
   9.1264898e-01   2.9588620e-01   6.0984237e-01
   9.0945021e-01   2.8948866e-01   6.0861207e-01
   9.0625144e-01   2.8309112e-01   6.0738178e-01
   9.0305267e-01   2.7669358e-01   6.0615148e-01
   8.9985390e-01   2.7029604e-01   6.0492118e-01
   8.9665513e-01   2.6389850e-01   6.0369089e-01
   8.9345636e-01   2.5750096e-01   6.0246059e-01
   8.9025759e-01   2.5110342e-01   6.0123030e-01
   8.8705882e-01   2.4470588e-01   6.0000000e-01
   8.8386005e-01   2.3830834e-01   5.9876970e-01
   8.8066128e-01   2.3191080e-01   5.9753941e-01
   8.7746251e-01   2.2551326e-01   5.9630911e-01
   8.7426374e-01   2.1911572e-01   5.9507882e-01
   8.7106498e-01   2.1271819e-01   5.9384852e-01
   8.6786621e-01   2.0632065e-01   5.9261822e-01
   8.6305267e-01   2.0000000e-01   5.9023453e-01
   8.5727028e-01   1.9372549e-01   5.8715879e-01
   8.5148789e-01   1.8745098e-01   5.8408304e-01
   8.4570550e-01   1.8117647e-01   5.8100730e-01
   8.3992311e-01   1.7490196e-01   5.7793156e-01
   8.3414072e-01   1.6862745e-01   5.7485582e-01
   8.2835832e-01   1.6235294e-01   5.7178008e-01
   8.2257593e-01   1.5607843e-01   5.6870434e-01
   8.1679354e-01   1.4980392e-01   5.6562860e-01
   8.1101115e-01   1.4352941e-01   5.6255286e-01
   8.0522876e-01   1.3725490e-01   5.5947712e-01
   7.9944637e-01   1.3098039e-01   5.5640138e-01
   7.9366398e-01   1.2470588e-01   5.5332564e-01
   7.8788158e-01   1.1843137e-01   5.5024990e-01
   7.8209919e-01   1.1215686e-01   5.4717416e-01
   7.7631680e-01   1.0588235e-01   5.4409842e-01
   7.7053441e-01   9.9607843e-02   5.4102268e-01
   7.6475202e-01   9.3333333e-02   5.3794694e-01
   7.5896963e-01   8.7058824e-02   5.3487120e-01
   7.5318724e-01   8.0784314e-02   5.3179546e-01
   7.4740484e-01   7.4509804e-02   5.2871972e-01
   7.4162245e-01   6.8235294e-02   5.2564398e-01
   7.3584006e-01   6.1960784e-02   5.2256824e-01
   7.3005767e-01   5.5686275e-02   5.1949250e-01
   7.2427528e-01   4.9411765e-02   5.1641676e-01
   7.1849289e-01   4.3137255e-02   5.1334102e-01
   7.1271050e-01   3.6862745e-02   5.1026528e-01
   7.0692810e-01   3.0588235e-02   5.0718954e-01
   7.0114571e-01   2.4313725e-02   5.0411380e-01
   6.9536332e-01   1.8039216e-02   5.0103806e-01
   6.8958093e-01   1.1764706e-02   4.9796232e-01
   6.8379854e-01   5.4901961e-03   4.9488658e-01
   6.7755479e-01   3.9215686e-03   4.9347174e-01
   6.7115725e-01   3.9215686e-03   4.9261053e-01
   6.6475971e-01   3.9215686e-03   4.9174933e-01
   6.5836217e-01   3.9215686e-03   4.9088812e-01
   6.5196463e-01   3.9215686e-03   4.9002691e-01
   6.4556709e-01   3.9215686e-03   4.8916571e-01
   6.3916955e-01   3.9215686e-03   4.8830450e-01
   6.3277201e-01   3.9215686e-03   4.8744329e-01
   6.2637447e-01   3.9215686e-03   4.8658208e-01
   6.1997693e-01   3.9215686e-03   4.8572088e-01
   6.1357939e-01   3.9215686e-03   4.8485967e-01
   6.0718185e-01   3.9215686e-03   4.8399846e-01
   6.0078431e-01   3.9215686e-03   4.8313725e-01
   5.9438677e-01   3.9215686e-03   4.8227605e-01
   5.8798923e-01   3.9215686e-03   4.8141484e-01
   5.8159170e-01   3.9215686e-03   4.8055363e-01
   5.7519416e-01   3.9215686e-03   4.7969243e-01
   5.6879662e-01   3.9215686e-03   4.7883122e-01
   5.6239908e-01   3.9215686e-03   4.7797001e-01
   5.5600154e-01   3.9215686e-03   4.7710880e-01
   5.4960400e-01   3.9215686e-03   4.7624760e-01
   5.4320646e-01   3.9215686e-03   4.7538639e-01
   5.3680892e-01   3.9215686e-03   4.7452518e-01
   5.3041138e-01   3.9215686e-03   4.7366398e-01
   5.2401384e-01   3.9215686e-03   4.7280277e-01
   5.1761630e-01   3.9215686e-03   4.7194156e-01
   5.1121876e-01   3.9215686e-03   4.7108035e-01
   5.0482122e-01   3.9215686e-03   4.7021915e-01
   4.9842368e-01   3.9215686e-03   4.6935794e-01
   4.9202614e-01   3.9215686e-03   4.6849673e-01
   4.8562860e-01   3.9215686e-03   4.6763552e-01
   4.7923106e-01   3.9215686e-03   4.6677432e-01
   4.7315648e-01   3.8139177e-03   4.6526720e-01
   4.6712803e-01   3.6908881e-03   4.6366782e-01
   4.6109958e-01   3.5678585e-03   4.6206844e-01
   4.5507113e-01   3.4448289e-03   4.6046905e-01
   4.4904268e-01   3.3217993e-03   4.5886967e-01
   4.4301423e-01   3.1987697e-03   4.5727028e-01
   4.3698577e-01   3.0757401e-03   4.5567090e-01
   4.3095732e-01   2.9527105e-03   4.5407151e-01
   4.2492887e-01   2.8296809e-03   4.5247213e-01
   4.1890042e-01   2.7066513e-03   4.5087274e-01
   4.1287197e-01   2.5836217e-03   4.4927336e-01
   4.0684352e-01   2.4605921e-03   4.4767397e-01
   4.0081507e-01   2.3375625e-03   4.4607459e-01
   3.9478662e-01   2.2145329e-03   4.4447520e-01
   3.8875817e-01   2.0915033e-03   4.4287582e-01
   3.8272972e-01   1.9684737e-03   4.4127643e-01
   3.7670127e-01   1.8454441e-03   4.3967705e-01
   3.7067282e-01   1.7224145e-03   4.3807766e-01
   3.6464437e-01   1.5993849e-03   4.3647828e-01
   3.5861592e-01   1.4763552e-03   4.3487889e-01
   3.5258747e-01   1.3533256e-03   4.3327951e-01
   3.4655902e-01   1.2302960e-03   4.3168012e-01
   3.4053057e-01   1.1072664e-03   4.3008074e-01
   3.3450211e-01   9.8423683e-04   4.2848135e-01
   3.2847366e-01   8.6120723e-04   4.2688197e-01
   3.2244521e-01   7.3817762e-04   4.2528258e-01
   3.1641676e-01   6.1514802e-04   4.2368320e-01
   3.1038831e-01   4.9211842e-04   4.2208381e-01
   3.0435986e-01   3.6908881e-04   4.2048443e-01
   2.9833141e-01   2.4605921e-04   4.1888504e-01
   2.9230296e-01   1.2302960e-04   4.1728566e-01
   2.8627451e-01   0.0000000e+00   4.1568627e-01
