   6.4705882e-01   0.0000000e+00   1.4901961e-01
   6.5474817e-01   7.3817762e-03   1.4917339e-01
   6.6243752e-01   1.4763552e-02   1.4932718e-01
   6.7012687e-01   2.2145329e-02   1.4948097e-01
   6.7781622e-01   2.9527105e-02   1.4963476e-01
   6.8550557e-01   3.6908881e-02   1.4978854e-01
   6.9319493e-01   4.4290657e-02   1.4994233e-01
   7.0088428e-01   5.1672434e-02   1.5009612e-01
   7.0857363e-01   5.9054210e-02   1.5024990e-01
   7.1626298e-01   6.6435986e-02   1.5040369e-01
   7.2395233e-01   7.3817762e-02   1.5055748e-01
   7.3164168e-01   8.1199539e-02   1.5071126e-01
   7.3933103e-01   8.8581315e-02   1.5086505e-01
   7.4702038e-01   9.5963091e-02   1.5101884e-01
   7.5470973e-01   1.0334487e-01   1.5117263e-01
   7.6239908e-01   1.1072664e-01   1.5132641e-01
   7.7008843e-01   1.1810842e-01   1.5148020e-01
   7.7777778e-01   1.2549020e-01   1.5163399e-01
   7.8546713e-01   1.3287197e-01   1.5178777e-01
   7.9315648e-01   1.4025375e-01   1.5194156e-01
   8.0084583e-01   1.4763552e-01   1.5209535e-01
   8.0853518e-01   1.5501730e-01   1.5224913e-01
   8.1622453e-01   1.6239908e-01   1.5240292e-01
   8.2391388e-01   1.6978085e-01   1.5255671e-01
   8.3160323e-01   1.7716263e-01   1.5271050e-01
   8.3929258e-01   1.8454441e-01   1.5286428e-01
   8.4536717e-01   1.9292580e-01   1.5509419e-01
   8.4982699e-01   2.0230681e-01   1.5940023e-01
   8.5428681e-01   2.1168781e-01   1.6370627e-01
   8.5874664e-01   2.2106882e-01   1.6801230e-01
   8.6320646e-01   2.3044983e-01   1.7231834e-01
   8.6766628e-01   2.3983083e-01   1.7662438e-01
   8.7212611e-01   2.4921184e-01   1.8093041e-01
   8.7658593e-01   2.5859285e-01   1.8523645e-01
   8.8104575e-01   2.6797386e-01   1.8954248e-01
   8.8550557e-01   2.7735486e-01   1.9384852e-01
   8.8996540e-01   2.8673587e-01   1.9815456e-01
   8.9442522e-01   2.9611688e-01   2.0246059e-01
   8.9888504e-01   3.0549789e-01   2.0676663e-01
   9.0334487e-01   3.1487889e-01   2.1107266e-01
   9.0780469e-01   3.2425990e-01   2.1537870e-01
   9.1226451e-01   3.3364091e-01   2.1968474e-01
   9.1672434e-01   3.4302191e-01   2.2399077e-01
   9.2118416e-01   3.5240292e-01   2.2829681e-01
   9.2564398e-01   3.6178393e-01   2.3260285e-01
   9.3010381e-01   3.7116494e-01   2.3690888e-01
   9.3456363e-01   3.8054594e-01   2.4121492e-01
   9.3902345e-01   3.8992695e-01   2.4552095e-01
   9.4348328e-01   3.9930796e-01   2.4982699e-01
   9.4794310e-01   4.0868897e-01   2.5413303e-01
   9.5240292e-01   4.1806997e-01   2.5843906e-01
   9.5686275e-01   4.2745098e-01   2.6274510e-01
   9.5824683e-01   4.3744714e-01   2.6735871e-01
   9.5963091e-01   4.4744329e-01   2.7197232e-01
   9.6101499e-01   4.5743945e-01   2.7658593e-01
   9.6239908e-01   4.6743560e-01   2.8119954e-01
   9.6378316e-01   4.7743176e-01   2.8581315e-01
   9.6516724e-01   4.8742791e-01   2.9042676e-01
   9.6655133e-01   4.9742407e-01   2.9504037e-01
   9.6793541e-01   5.0742022e-01   2.9965398e-01
   9.6931949e-01   5.1741638e-01   3.0426759e-01
   9.7070358e-01   5.2741253e-01   3.0888120e-01
   9.7208766e-01   5.3740869e-01   3.1349481e-01
   9.7347174e-01   5.4740484e-01   3.1810842e-01
   9.7485582e-01   5.5740100e-01   3.2272203e-01
   9.7623991e-01   5.6739715e-01   3.2733564e-01
   9.7762399e-01   5.7739331e-01   3.3194925e-01
   9.7900807e-01   5.8738947e-01   3.3656286e-01
   9.8039216e-01   5.9738562e-01   3.4117647e-01
   9.8177624e-01   6.0738178e-01   3.4579008e-01
   9.8316032e-01   6.1737793e-01   3.5040369e-01
   9.8454441e-01   6.2737409e-01   3.5501730e-01
   9.8592849e-01   6.3737024e-01   3.5963091e-01
   9.8731257e-01   6.4736640e-01   3.6424452e-01
   9.8869666e-01   6.5736255e-01   3.6885813e-01
   9.9008074e-01   6.6735871e-01   3.7347174e-01
   9.9146482e-01   6.7735486e-01   3.7808535e-01
   9.9223376e-01   6.8619762e-01   3.8400615e-01
   9.9238754e-01   6.9388697e-01   3.9123414e-01
   9.9254133e-01   7.0157632e-01   3.9846213e-01
   9.9269512e-01   7.0926567e-01   4.0569012e-01
   9.9284890e-01   7.1695502e-01   4.1291811e-01
   9.9300269e-01   7.2464437e-01   4.2014610e-01
   9.9315648e-01   7.3233372e-01   4.2737409e-01
   9.9331027e-01   7.4002307e-01   4.3460208e-01
   9.9346405e-01   7.4771242e-01   4.4183007e-01
   9.9361784e-01   7.5540177e-01   4.4905805e-01
   9.9377163e-01   7.6309112e-01   4.5628604e-01
   9.9392541e-01   7.7078047e-01   4.6351403e-01
   9.9407920e-01   7.7846982e-01   4.7074202e-01
   9.9423299e-01   7.8615917e-01   4.7797001e-01
   9.9438677e-01   7.9384852e-01   4.8519800e-01
   9.9454056e-01   8.0153787e-01   4.9242599e-01
   9.9469435e-01   8.0922722e-01   4.9965398e-01
   9.9484814e-01   8.1691657e-01   5.0688197e-01
   9.9500192e-01   8.2460592e-01   5.1410996e-01
   9.9515571e-01   8.3229527e-01   5.2133795e-01
   9.9530950e-01   8.3998462e-01   5.2856594e-01
   9.9546328e-01   8.4767397e-01   5.3579393e-01
   9.9561707e-01   8.5536332e-01   5.4302191e-01
   9.9577086e-01   8.6305267e-01   5.5024990e-01
   9.9592464e-01   8.7074202e-01   5.5747789e-01
   9.9607843e-01   8.7843137e-01   5.6470588e-01
   9.9623222e-01   8.8319877e-01   5.7193387e-01
   9.9638601e-01   8.8796617e-01   5.7916186e-01
   9.9653979e-01   8.9273356e-01   5.8638985e-01
   9.9669358e-01   8.9750096e-01   5.9361784e-01
   9.9684737e-01   9.0226836e-01   6.0084583e-01
   9.9700115e-01   9.0703576e-01   6.0807382e-01
   9.9715494e-01   9.1180315e-01   6.1530181e-01
   9.9730873e-01   9.1657055e-01   6.2252980e-01
   9.9746251e-01   9.2133795e-01   6.2975779e-01
   9.9761630e-01   9.2610534e-01   6.3698577e-01
   9.9777009e-01   9.3087274e-01   6.4421376e-01
   9.9792388e-01   9.3564014e-01   6.5144175e-01
   9.9807766e-01   9.4040754e-01   6.5866974e-01
   9.9823145e-01   9.4517493e-01   6.6589773e-01
   9.9838524e-01   9.4994233e-01   6.7312572e-01
   9.9853902e-01   9.5470973e-01   6.8035371e-01
   9.9869281e-01   9.5947712e-01   6.8758170e-01
   9.9884660e-01   9.6424452e-01   6.9480969e-01
   9.9900038e-01   9.6901192e-01   7.0203768e-01
   9.9915417e-01   9.7377932e-01   7.0926567e-01
   9.9930796e-01   9.7854671e-01   7.1649366e-01
   9.9946175e-01   9.8331411e-01   7.2372165e-01
   9.9961553e-01   9.8808151e-01   7.3094963e-01
   9.9976932e-01   9.9284890e-01   7.3817762e-01
   9.9992311e-01   9.9761630e-01   7.4540561e-01
   9.9761630e-01   9.9907728e-01   7.5340254e-01
   9.9284890e-01   9.9723183e-01   7.6216840e-01
   9.8808151e-01   9.9538639e-01   7.7093426e-01
   9.8331411e-01   9.9354095e-01   7.7970012e-01
   9.7854671e-01   9.9169550e-01   7.8846597e-01
   9.7377932e-01   9.8985006e-01   7.9723183e-01
   9.6901192e-01   9.8800461e-01   8.0599769e-01
   9.6424452e-01   9.8615917e-01   8.1476355e-01
   9.5947712e-01   9.8431373e-01   8.2352941e-01
   9.5470973e-01   9.8246828e-01   8.3229527e-01
   9.4994233e-01   9.8062284e-01   8.4106113e-01
   9.4517493e-01   9.7877739e-01   8.4982699e-01
   9.4040754e-01   9.7693195e-01   8.5859285e-01
   9.3564014e-01   9.7508651e-01   8.6735871e-01
   9.3087274e-01   9.7324106e-01   8.7612457e-01
   9.2610534e-01   9.7139562e-01   8.8489043e-01
   9.2133795e-01   9.6955017e-01   8.9365629e-01
   9.1657055e-01   9.6770473e-01   9.0242215e-01
   9.1180315e-01   9.6585928e-01   9.1118800e-01
   9.0703576e-01   9.6401384e-01   9.1995386e-01
   9.0226836e-01   9.6216840e-01   9.2871972e-01
   8.9750096e-01   9.6032295e-01   9.3748558e-01
   8.9273356e-01   9.5847751e-01   9.4625144e-01
   8.8796617e-01   9.5663206e-01   9.5501730e-01
   8.8319877e-01   9.5478662e-01   9.6378316e-01
   8.7843137e-01   9.5294118e-01   9.7254902e-01
   8.7028066e-01   9.4894271e-01   9.7024221e-01
   8.6212995e-01   9.4494425e-01   9.6793541e-01
   8.5397924e-01   9.4094579e-01   9.6562860e-01
   8.4582853e-01   9.3694733e-01   9.6332180e-01
   8.3767782e-01   9.3294887e-01   9.6101499e-01
   8.2952710e-01   9.2895040e-01   9.5870819e-01
   8.2137639e-01   9.2495194e-01   9.5640138e-01
   8.1322568e-01   9.2095348e-01   9.5409458e-01
   8.0507497e-01   9.1695502e-01   9.5178777e-01
   7.9692426e-01   9.1295656e-01   9.4948097e-01
   7.8877355e-01   9.0895809e-01   9.4717416e-01
   7.8062284e-01   9.0495963e-01   9.4486736e-01
   7.7247213e-01   9.0096117e-01   9.4256055e-01
   7.6432141e-01   8.9696271e-01   9.4025375e-01
   7.5617070e-01   8.9296424e-01   9.3794694e-01
   7.4801999e-01   8.8896578e-01   9.3564014e-01
   7.3986928e-01   8.8496732e-01   9.3333333e-01
   7.3171857e-01   8.8096886e-01   9.3102653e-01
   7.2356786e-01   8.7697040e-01   9.2871972e-01
   7.1541715e-01   8.7297193e-01   9.2641292e-01
   7.0726644e-01   8.6897347e-01   9.2410611e-01
   6.9911572e-01   8.6497501e-01   9.2179931e-01
   6.9096501e-01   8.6097655e-01   9.1949250e-01
   6.8281430e-01   8.5697809e-01   9.1718570e-01
   6.7466359e-01   8.5297962e-01   9.1487889e-01
   6.6635909e-01   8.4759708e-01   9.1188005e-01
   6.5790081e-01   8.4083045e-01   9.0818916e-01
   6.4944252e-01   8.3406382e-01   9.0449827e-01
   6.4098424e-01   8.2729719e-01   9.0080738e-01
   6.3252595e-01   8.2053057e-01   8.9711649e-01
   6.2406767e-01   8.1376394e-01   8.9342561e-01
   6.1560938e-01   8.0699731e-01   8.8973472e-01
   6.0715110e-01   8.0023068e-01   8.8604383e-01
   5.9869281e-01   7.9346405e-01   8.8235294e-01
   5.9023453e-01   7.8669742e-01   8.7866205e-01
   5.8177624e-01   7.7993080e-01   8.7497116e-01
   5.7331795e-01   7.7316417e-01   8.7128028e-01
   5.6485967e-01   7.6639754e-01   8.6758939e-01
   5.5640138e-01   7.5963091e-01   8.6389850e-01
   5.4794310e-01   7.5286428e-01   8.6020761e-01
   5.3948481e-01   7.4609765e-01   8.5651672e-01
   5.3102653e-01   7.3933103e-01   8.5282584e-01
   5.2256824e-01   7.3256440e-01   8.4913495e-01
   5.1410996e-01   7.2579777e-01   8.4544406e-01
   5.0565167e-01   7.1903114e-01   8.4175317e-01
   4.9719339e-01   7.1226451e-01   8.3806228e-01
   4.8873510e-01   7.0549789e-01   8.3437140e-01
   4.8027682e-01   6.9873126e-01   8.3068051e-01
   4.7181853e-01   6.9196463e-01   8.2698962e-01
   4.6336025e-01   6.8519800e-01   8.2329873e-01
   4.5490196e-01   6.7843137e-01   8.1960784e-01
   4.4767397e-01   6.6981930e-01   8.1514802e-01
   4.4044598e-01   6.6120723e-01   8.1068820e-01
   4.3321799e-01   6.5259516e-01   8.0622837e-01
   4.2599000e-01   6.4398308e-01   8.0176855e-01
   4.1876201e-01   6.3537101e-01   7.9730873e-01
   4.1153403e-01   6.2675894e-01   7.9284890e-01
   4.0430604e-01   6.1814687e-01   7.8838908e-01
   3.9707805e-01   6.0953479e-01   7.8392926e-01
   3.8985006e-01   6.0092272e-01   7.7946943e-01
   3.8262207e-01   5.9231065e-01   7.7500961e-01
   3.7539408e-01   5.8369858e-01   7.7054979e-01
   3.6816609e-01   5.7508651e-01   7.6608997e-01
   3.6093810e-01   5.6647443e-01   7.6163014e-01
   3.5371011e-01   5.5786236e-01   7.5717032e-01
   3.4648212e-01   5.4925029e-01   7.5271050e-01
   3.3925413e-01   5.4063822e-01   7.4825067e-01
   3.3202614e-01   5.3202614e-01   7.4379085e-01
   3.2479815e-01   5.2341407e-01   7.3933103e-01
   3.1757017e-01   5.1480200e-01   7.3487120e-01
   3.1034218e-01   5.0618993e-01   7.3041138e-01
   3.0311419e-01   4.9757785e-01   7.2595156e-01
   2.9588620e-01   4.8896578e-01   7.2149173e-01
   2.8865821e-01   4.8035371e-01   7.1703191e-01
   2.8143022e-01   4.7174164e-01   7.1257209e-01
   2.7420223e-01   4.6312957e-01   7.0811226e-01
   2.6905037e-01   4.5397924e-01   7.0349865e-01
   2.6597463e-01   4.4429066e-01   6.9873126e-01
   2.6289889e-01   4.3460208e-01   6.9396386e-01
   2.5982314e-01   4.2491349e-01   6.8919646e-01
   2.5674740e-01   4.1522491e-01   6.8442907e-01
   2.5367166e-01   4.0553633e-01   6.7966167e-01
   2.5059592e-01   3.9584775e-01   6.7489427e-01
   2.4752018e-01   3.8615917e-01   6.7012687e-01
   2.4444444e-01   3.7647059e-01   6.6535948e-01
   2.4136870e-01   3.6678201e-01   6.6059208e-01
   2.3829296e-01   3.5709343e-01   6.5582468e-01
   2.3521722e-01   3.4740484e-01   6.5105729e-01
   2.3214148e-01   3.3771626e-01   6.4628989e-01
   2.2906574e-01   3.2802768e-01   6.4152249e-01
   2.2599000e-01   3.1833910e-01   6.3675509e-01
   2.2291426e-01   3.0865052e-01   6.3198770e-01
   2.1983852e-01   2.9896194e-01   6.2722030e-01
   2.1676278e-01   2.8927336e-01   6.2245290e-01
   2.1368704e-01   2.7958478e-01   6.1768551e-01
   2.1061130e-01   2.6989619e-01   6.1291811e-01
   2.0753556e-01   2.6020761e-01   6.0815071e-01
   2.0445982e-01   2.5051903e-01   6.0338331e-01
   2.0138408e-01   2.4083045e-01   5.9861592e-01
   1.9830834e-01   2.3114187e-01   5.9384852e-01
   1.9523260e-01   2.2145329e-01   5.8908112e-01
   1.9215686e-01   2.1176471e-01   5.8431373e-01
