   6.4705882e-01   0.0000000e+00   1.4901961e-01
   6.5474817e-01   7.3817762e-03   1.4917339e-01
   6.6243752e-01   1.4763552e-02   1.4932718e-01
   6.7012687e-01   2.2145329e-02   1.4948097e-01
   6.7781622e-01   2.9527105e-02   1.4963476e-01
   6.8550557e-01   3.6908881e-02   1.4978854e-01
   6.9319493e-01   4.4290657e-02   1.4994233e-01
   7.0088428e-01   5.1672434e-02   1.5009612e-01
   7.0857363e-01   5.9054210e-02   1.5024990e-01
   7.1626298e-01   6.6435986e-02   1.5040369e-01
   7.2395233e-01   7.3817762e-02   1.5055748e-01
   7.3164168e-01   8.1199539e-02   1.5071126e-01
   7.3933103e-01   8.8581315e-02   1.5086505e-01
   7.4702038e-01   9.5963091e-02   1.5101884e-01
   7.5470973e-01   1.0334487e-01   1.5117263e-01
   7.6239908e-01   1.1072664e-01   1.5132641e-01
   7.7008843e-01   1.1810842e-01   1.5148020e-01
   7.7777778e-01   1.2549020e-01   1.5163399e-01
   7.8546713e-01   1.3287197e-01   1.5178777e-01
   7.9315648e-01   1.4025375e-01   1.5194156e-01
   8.0084583e-01   1.4763552e-01   1.5209535e-01
   8.0853518e-01   1.5501730e-01   1.5224913e-01
   8.1622453e-01   1.6239908e-01   1.5240292e-01
   8.2391388e-01   1.6978085e-01   1.5255671e-01
   8.3160323e-01   1.7716263e-01   1.5271050e-01
   8.3929258e-01   1.8454441e-01   1.5286428e-01
   8.4536717e-01   1.9292580e-01   1.5509419e-01
   8.4982699e-01   2.0230681e-01   1.5940023e-01
   8.5428681e-01   2.1168781e-01   1.6370627e-01
   8.5874664e-01   2.2106882e-01   1.6801230e-01
   8.6320646e-01   2.3044983e-01   1.7231834e-01
   8.6766628e-01   2.3983083e-01   1.7662438e-01
   8.7212611e-01   2.4921184e-01   1.8093041e-01
   8.7658593e-01   2.5859285e-01   1.8523645e-01
   8.8104575e-01   2.6797386e-01   1.8954248e-01
   8.8550557e-01   2.7735486e-01   1.9384852e-01
   8.8996540e-01   2.8673587e-01   1.9815456e-01
   8.9442522e-01   2.9611688e-01   2.0246059e-01
   8.9888504e-01   3.0549789e-01   2.0676663e-01
   9.0334487e-01   3.1487889e-01   2.1107266e-01
   9.0780469e-01   3.2425990e-01   2.1537870e-01
   9.1226451e-01   3.3364091e-01   2.1968474e-01
   9.1672434e-01   3.4302191e-01   2.2399077e-01
   9.2118416e-01   3.5240292e-01   2.2829681e-01
   9.2564398e-01   3.6178393e-01   2.3260285e-01
   9.3010381e-01   3.7116494e-01   2.3690888e-01
   9.3456363e-01   3.8054594e-01   2.4121492e-01
   9.3902345e-01   3.8992695e-01   2.4552095e-01
   9.4348328e-01   3.9930796e-01   2.4982699e-01
   9.4794310e-01   4.0868897e-01   2.5413303e-01
   9.5240292e-01   4.1806997e-01   2.5843906e-01
   9.5686275e-01   4.2745098e-01   2.6274510e-01
   9.5824683e-01   4.3744714e-01   2.6735871e-01
   9.5963091e-01   4.4744329e-01   2.7197232e-01
   9.6101499e-01   4.5743945e-01   2.7658593e-01
   9.6239908e-01   4.6743560e-01   2.8119954e-01
   9.6378316e-01   4.7743176e-01   2.8581315e-01
   9.6516724e-01   4.8742791e-01   2.9042676e-01
   9.6655133e-01   4.9742407e-01   2.9504037e-01
   9.6793541e-01   5.0742022e-01   2.9965398e-01
   9.6931949e-01   5.1741638e-01   3.0426759e-01
   9.7070358e-01   5.2741253e-01   3.0888120e-01
   9.7208766e-01   5.3740869e-01   3.1349481e-01
   9.7347174e-01   5.4740484e-01   3.1810842e-01
   9.7485582e-01   5.5740100e-01   3.2272203e-01
   9.7623991e-01   5.6739715e-01   3.2733564e-01
   9.7762399e-01   5.7739331e-01   3.3194925e-01
   9.7900807e-01   5.8738947e-01   3.3656286e-01
   9.8039216e-01   5.9738562e-01   3.4117647e-01
   9.8177624e-01   6.0738178e-01   3.4579008e-01
   9.8316032e-01   6.1737793e-01   3.5040369e-01
   9.8454441e-01   6.2737409e-01   3.5501730e-01
   9.8592849e-01   6.3737024e-01   3.5963091e-01
   9.8731257e-01   6.4736640e-01   3.6424452e-01
   9.8869666e-01   6.5736255e-01   3.6885813e-01
   9.9008074e-01   6.6735871e-01   3.7347174e-01
   9.9146482e-01   6.7735486e-01   3.7808535e-01
   9.9223376e-01   6.8619762e-01   3.8362168e-01
   9.9238754e-01   6.9388697e-01   3.9008074e-01
   9.9254133e-01   7.0157632e-01   3.9653979e-01
   9.9269512e-01   7.0926567e-01   4.0299885e-01
   9.9284890e-01   7.1695502e-01   4.0945790e-01
   9.9300269e-01   7.2464437e-01   4.1591696e-01
   9.9315648e-01   7.3233372e-01   4.2237601e-01
   9.9331027e-01   7.4002307e-01   4.2883506e-01
   9.9346405e-01   7.4771242e-01   4.3529412e-01
   9.9361784e-01   7.5540177e-01   4.4175317e-01
   9.9377163e-01   7.6309112e-01   4.4821223e-01
   9.9392541e-01   7.7078047e-01   4.5467128e-01
   9.9407920e-01   7.7846982e-01   4.6113033e-01
   9.9423299e-01   7.8615917e-01   4.6758939e-01
   9.9438677e-01   7.9384852e-01   4.7404844e-01
   9.9454056e-01   8.0153787e-01   4.8050750e-01
   9.9469435e-01   8.0922722e-01   4.8696655e-01
   9.9484814e-01   8.1691657e-01   4.9342561e-01
   9.9500192e-01   8.2460592e-01   4.9988466e-01
   9.9515571e-01   8.3229527e-01   5.0634371e-01
   9.9530950e-01   8.3998462e-01   5.1280277e-01
   9.9546328e-01   8.4767397e-01   5.1926182e-01
   9.9561707e-01   8.5536332e-01   5.2572088e-01
   9.9577086e-01   8.6305267e-01   5.3217993e-01
   9.9592464e-01   8.7074202e-01   5.3863899e-01
   9.9607843e-01   8.7843137e-01   5.4509804e-01
   9.9623222e-01   8.8319877e-01   5.5309496e-01
   9.9638601e-01   8.8796617e-01   5.6109189e-01
   9.9653979e-01   8.9273356e-01   5.6908881e-01
   9.9669358e-01   8.9750096e-01   5.7708574e-01
   9.9684737e-01   9.0226836e-01   5.8508266e-01
   9.9700115e-01   9.0703576e-01   5.9307958e-01
   9.9715494e-01   9.1180315e-01   6.0107651e-01
   9.9730873e-01   9.1657055e-01   6.0907343e-01
   9.9746251e-01   9.2133795e-01   6.1707036e-01
   9.9761630e-01   9.2610534e-01   6.2506728e-01
   9.9777009e-01   9.3087274e-01   6.3306421e-01
   9.9792388e-01   9.3564014e-01   6.4106113e-01
   9.9807766e-01   9.4040754e-01   6.4905805e-01
   9.9823145e-01   9.4517493e-01   6.5705498e-01
   9.9838524e-01   9.4994233e-01   6.6505190e-01
   9.9853902e-01   9.5470973e-01   6.7304883e-01
   9.9869281e-01   9.5947712e-01   6.8104575e-01
   9.9884660e-01   9.6424452e-01   6.8904268e-01
   9.9900038e-01   9.6901192e-01   6.9703960e-01
   9.9915417e-01   9.7377932e-01   7.0503652e-01
   9.9930796e-01   9.7854671e-01   7.1303345e-01
   9.9946175e-01   9.8331411e-01   7.2103037e-01
   9.9961553e-01   9.8808151e-01   7.2902730e-01
   9.9976932e-01   9.9284890e-01   7.3702422e-01
   9.9992311e-01   9.9761630e-01   7.4502115e-01
   9.9707805e-01   9.9876970e-01   7.4502115e-01
   9.9123414e-01   9.9630911e-01   7.3702422e-01
   9.8539023e-01   9.9384852e-01   7.2902730e-01
   9.7954633e-01   9.9138793e-01   7.2103037e-01
   9.7370242e-01   9.8892734e-01   7.1303345e-01
   9.6785852e-01   9.8646674e-01   7.0503652e-01
   9.6201461e-01   9.8400615e-01   6.9703960e-01
   9.5617070e-01   9.8154556e-01   6.8904268e-01
   9.5032680e-01   9.7908497e-01   6.8104575e-01
   9.4448289e-01   9.7662438e-01   6.7304883e-01
   9.3863899e-01   9.7416378e-01   6.6505190e-01
   9.3279508e-01   9.7170319e-01   6.5705498e-01
   9.2695117e-01   9.6924260e-01   6.4905805e-01
   9.2110727e-01   9.6678201e-01   6.4106113e-01
   9.1526336e-01   9.6432141e-01   6.3306421e-01
   9.0941945e-01   9.6186082e-01   6.2506728e-01
   9.0357555e-01   9.5940023e-01   6.1707036e-01
   8.9773164e-01   9.5693964e-01   6.0907343e-01
   8.9188774e-01   9.5447905e-01   6.0107651e-01
   8.8604383e-01   9.5201845e-01   5.9307958e-01
   8.8019992e-01   9.4955786e-01   5.8508266e-01
   8.7435602e-01   9.4709727e-01   5.7708574e-01
   8.6851211e-01   9.4463668e-01   5.6908881e-01
   8.6266820e-01   9.4217609e-01   5.6109189e-01
   8.5682430e-01   9.3971549e-01   5.5309496e-01
   8.5098039e-01   9.3725490e-01   5.4509804e-01
   8.4313725e-01   9.3387159e-01   5.4002307e-01
   8.3529412e-01   9.3048827e-01   5.3494810e-01
   8.2745098e-01   9.2710496e-01   5.2987313e-01
   8.1960784e-01   9.2372165e-01   5.2479815e-01
   8.1176471e-01   9.2033833e-01   5.1972318e-01
   8.0392157e-01   9.1695502e-01   5.1464821e-01
   7.9607843e-01   9.1357170e-01   5.0957324e-01
   7.8823529e-01   9.1018839e-01   5.0449827e-01
   7.8039216e-01   9.0680507e-01   4.9942330e-01
   7.7254902e-01   9.0342176e-01   4.9434833e-01
   7.6470588e-01   9.0003845e-01   4.8927336e-01
   7.5686275e-01   8.9665513e-01   4.8419839e-01
   7.4901961e-01   8.9327182e-01   4.7912341e-01
   7.4117647e-01   8.8988850e-01   4.7404844e-01
   7.3333333e-01   8.8650519e-01   4.6897347e-01
   7.2549020e-01   8.8312188e-01   4.6389850e-01
   7.1764706e-01   8.7973856e-01   4.5882353e-01
   7.0980392e-01   8.7635525e-01   4.5374856e-01
   7.0196078e-01   8.7297193e-01   4.4867359e-01
   6.9411765e-01   8.6958862e-01   4.4359862e-01
   6.8627451e-01   8.6620531e-01   4.3852364e-01
   6.7843137e-01   8.6282199e-01   4.3344867e-01
   6.7058824e-01   8.5943868e-01   4.2837370e-01
   6.6274510e-01   8.5605536e-01   4.2329873e-01
   6.5490196e-01   8.5267205e-01   4.1822376e-01
   6.4605921e-01   8.4882737e-01   4.1514802e-01
   6.3621684e-01   8.4452134e-01   4.1407151e-01
   6.2637447e-01   8.4021530e-01   4.1299500e-01
   6.1653210e-01   8.3590927e-01   4.1191849e-01
   6.0668973e-01   8.3160323e-01   4.1084198e-01
   5.9684737e-01   8.2729719e-01   4.0976547e-01
   5.8700500e-01   8.2299116e-01   4.0868897e-01
   5.7716263e-01   8.1868512e-01   4.0761246e-01
   5.6732026e-01   8.1437908e-01   4.0653595e-01
   5.5747789e-01   8.1007305e-01   4.0545944e-01
   5.4763552e-01   8.0576701e-01   4.0438293e-01
   5.3779316e-01   8.0146098e-01   4.0330642e-01
   5.2795079e-01   7.9715494e-01   4.0222991e-01
   5.1810842e-01   7.9284890e-01   4.0115340e-01
   5.0826605e-01   7.8854287e-01   4.0007689e-01
   4.9842368e-01   7.8423683e-01   3.9900038e-01
   4.8858131e-01   7.7993080e-01   3.9792388e-01
   4.7873895e-01   7.7562476e-01   3.9684737e-01
   4.6889658e-01   7.7131872e-01   3.9577086e-01
   4.5905421e-01   7.6701269e-01   3.9469435e-01
   4.4921184e-01   7.6270665e-01   3.9361784e-01
   4.3936947e-01   7.5840062e-01   3.9254133e-01
   4.2952710e-01   7.5409458e-01   3.9146482e-01
   4.1968474e-01   7.4978854e-01   3.9038831e-01
   4.0984237e-01   7.4548251e-01   3.8931180e-01
   4.0000000e-01   7.4117647e-01   3.8823529e-01
   3.8831219e-01   7.3548635e-01   3.8531334e-01
   3.7662438e-01   7.2979623e-01   3.8239139e-01
   3.6493656e-01   7.2410611e-01   3.7946943e-01
   3.5324875e-01   7.1841599e-01   3.7654748e-01
   3.4156094e-01   7.1272587e-01   3.7362553e-01
   3.2987313e-01   7.0703576e-01   3.7070358e-01
   3.1818531e-01   7.0134564e-01   3.6778162e-01
   3.0649750e-01   6.9565552e-01   3.6485967e-01
   2.9480969e-01   6.8996540e-01   3.6193772e-01
   2.8312188e-01   6.8427528e-01   3.5901576e-01
   2.7143406e-01   6.7858516e-01   3.5609381e-01
   2.5974625e-01   6.7289504e-01   3.5317186e-01
   2.4805844e-01   6.6720492e-01   3.5024990e-01
   2.3637063e-01   6.6151480e-01   3.4732795e-01
   2.2468281e-01   6.5582468e-01   3.4440600e-01
   2.1299500e-01   6.5013456e-01   3.4148404e-01
   2.0130719e-01   6.4444444e-01   3.3856209e-01
   1.8961938e-01   6.3875433e-01   3.3564014e-01
   1.7793156e-01   6.3306421e-01   3.3271819e-01
   1.6624375e-01   6.2737409e-01   3.2979623e-01
   1.5455594e-01   6.2168397e-01   3.2687428e-01
   1.4286813e-01   6.1599385e-01   3.2395233e-01
   1.3118032e-01   6.1030373e-01   3.2103037e-01
   1.1949250e-01   6.0461361e-01   3.1810842e-01
   1.0780469e-01   5.9892349e-01   3.1518647e-01
   9.9961553e-02   5.9238754e-01   3.1180315e-01
   9.5963091e-02   5.8500577e-01   3.0795848e-01
   9.1964629e-02   5.7762399e-01   3.0411380e-01
   8.7966167e-02   5.7024221e-01   3.0026913e-01
   8.3967705e-02   5.6286044e-01   2.9642445e-01
   7.9969243e-02   5.5547866e-01   2.9257978e-01
   7.5970780e-02   5.4809689e-01   2.8873510e-01
   7.1972318e-02   5.4071511e-01   2.8489043e-01
   6.7973856e-02   5.3333333e-01   2.8104575e-01
   6.3975394e-02   5.2595156e-01   2.7720108e-01
   5.9976932e-02   5.1856978e-01   2.7335640e-01
   5.5978470e-02   5.1118800e-01   2.6951173e-01
   5.1980008e-02   5.0380623e-01   2.6566705e-01
   4.7981546e-02   4.9642445e-01   2.6182238e-01
   4.3983083e-02   4.8904268e-01   2.5797770e-01
   3.9984621e-02   4.8166090e-01   2.5413303e-01
   3.5986159e-02   4.7427912e-01   2.5028835e-01
   3.1987697e-02   4.6689735e-01   2.4644368e-01
   2.7989235e-02   4.5951557e-01   2.4259900e-01
   2.3990773e-02   4.5213379e-01   2.3875433e-01
   1.9992311e-02   4.4475202e-01   2.3490965e-01
   1.5993849e-02   4.3737024e-01   2.3106498e-01
   1.1995386e-02   4.2998847e-01   2.2722030e-01
   7.9969243e-03   4.2260669e-01   2.2337562e-01
   3.9984621e-03   4.1522491e-01   2.1953095e-01
   0.0000000e+00   4.0784314e-01   2.1568627e-01
