   1.0000000e+00   9.6078431e-01   9.4117647e-01
   9.9987697e-01   9.5820069e-01   9.3748558e-01
   9.9975394e-01   9.5561707e-01   9.3379469e-01
   9.9963091e-01   9.5303345e-01   9.3010381e-01
   9.9950788e-01   9.5044983e-01   9.2641292e-01
   9.9938485e-01   9.4786621e-01   9.2272203e-01
   9.9926182e-01   9.4528258e-01   9.1903114e-01
   9.9913879e-01   9.4269896e-01   9.1534025e-01
   9.9901576e-01   9.4011534e-01   9.1164937e-01
   9.9889273e-01   9.3753172e-01   9.0795848e-01
   9.9876970e-01   9.3494810e-01   9.0426759e-01
   9.9864667e-01   9.3236448e-01   9.0057670e-01
   9.9852364e-01   9.2978085e-01   8.9688581e-01
   9.9840062e-01   9.2719723e-01   8.9319493e-01
   9.9827759e-01   9.2461361e-01   8.8950404e-01
   9.9815456e-01   9.2202999e-01   8.8581315e-01
   9.9803153e-01   9.1944637e-01   8.8212226e-01
   9.9790850e-01   9.1686275e-01   8.7843137e-01
   9.9778547e-01   9.1427912e-01   8.7474048e-01
   9.9766244e-01   9.1169550e-01   8.7104960e-01
   9.9753941e-01   9.0911188e-01   8.6735871e-01
   9.9741638e-01   9.0652826e-01   8.6366782e-01
   9.9729335e-01   9.0394464e-01   8.5997693e-01
   9.9717032e-01   9.0136101e-01   8.5628604e-01
   9.9704729e-01   8.9877739e-01   8.5259516e-01
   9.9692426e-01   8.9619377e-01   8.4890427e-01
   9.9680123e-01   8.9361015e-01   8.4521338e-01
   9.9667820e-01   8.9102653e-01   8.4152249e-01
   9.9655517e-01   8.8844291e-01   8.3783160e-01
   9.9643214e-01   8.8585928e-01   8.3414072e-01
   9.9630911e-01   8.8327566e-01   8.3044983e-01
   9.9618608e-01   8.8069204e-01   8.2675894e-01
   9.9604767e-01   8.7786236e-01   8.2277586e-01
   9.9580161e-01   8.7331027e-01   8.1674740e-01
   9.9555556e-01   8.6875817e-01   8.1071895e-01
   9.9530950e-01   8.6420607e-01   8.0469050e-01
   9.9506344e-01   8.5965398e-01   7.9866205e-01
   9.9481738e-01   8.5510188e-01   7.9263360e-01
   9.9457132e-01   8.5054979e-01   7.8660515e-01
   9.9432526e-01   8.4599769e-01   7.8057670e-01
   9.9407920e-01   8.4144560e-01   7.7454825e-01
   9.9383314e-01   8.3689350e-01   7.6851980e-01
   9.9358708e-01   8.3234141e-01   7.6249135e-01
   9.9334102e-01   8.2778931e-01   7.5646290e-01
   9.9309496e-01   8.2323722e-01   7.5043445e-01
   9.9284890e-01   8.1868512e-01   7.4440600e-01
   9.9260285e-01   8.1413303e-01   7.3837755e-01
   9.9235679e-01   8.0958093e-01   7.3234910e-01
   9.9211073e-01   8.0502884e-01   7.2632065e-01
   9.9186467e-01   8.0047674e-01   7.2029220e-01
   9.9161861e-01   7.9592464e-01   7.1426374e-01
   9.9137255e-01   7.9137255e-01   7.0823529e-01
   9.9112649e-01   7.8682045e-01   7.0220684e-01
   9.9088043e-01   7.8226836e-01   6.9617839e-01
   9.9063437e-01   7.7771626e-01   6.9014994e-01
   9.9038831e-01   7.7316417e-01   6.8412149e-01
   9.9014225e-01   7.6861207e-01   6.7809304e-01
   9.8989619e-01   7.6405998e-01   6.7206459e-01
   9.8965013e-01   7.5950788e-01   6.6603614e-01
   9.8940408e-01   7.5495579e-01   6.6000769e-01
   9.8915802e-01   7.5040369e-01   6.5397924e-01
   9.8891196e-01   7.4585160e-01   6.4795079e-01
   9.8866590e-01   7.4129950e-01   6.4192234e-01
   9.8841984e-01   7.3674740e-01   6.3589389e-01
   9.8823529e-01   7.3207228e-01   6.2992695e-01
   9.8823529e-01   7.2702807e-01   6.2414456e-01
   9.8823529e-01   7.2198385e-01   6.1836217e-01
   9.8823529e-01   7.1693964e-01   6.1257978e-01
   9.8823529e-01   7.1189542e-01   6.0679739e-01
   9.8823529e-01   7.0685121e-01   6.0101499e-01
   9.8823529e-01   7.0180700e-01   5.9523260e-01
   9.8823529e-01   6.9676278e-01   5.8945021e-01
   9.8823529e-01   6.9171857e-01   5.8366782e-01
   9.8823529e-01   6.8667436e-01   5.7788543e-01
   9.8823529e-01   6.8163014e-01   5.7210304e-01
   9.8823529e-01   6.7658593e-01   5.6632065e-01
   9.8823529e-01   6.7154171e-01   5.6053825e-01
   9.8823529e-01   6.6649750e-01   5.5475586e-01
   9.8823529e-01   6.6145329e-01   5.4897347e-01
   9.8823529e-01   6.5640907e-01   5.4319108e-01
   9.8823529e-01   6.5136486e-01   5.3740869e-01
   9.8823529e-01   6.4632065e-01   5.3162630e-01
   9.8823529e-01   6.4127643e-01   5.2584391e-01
   9.8823529e-01   6.3623222e-01   5.2006151e-01
   9.8823529e-01   6.3118800e-01   5.1427912e-01
   9.8823529e-01   6.2614379e-01   5.0849673e-01
   9.8823529e-01   6.2109958e-01   5.0271434e-01
   9.8823529e-01   6.1605536e-01   4.9693195e-01
   9.8823529e-01   6.1101115e-01   4.9114956e-01
   9.8823529e-01   6.0596694e-01   4.8536717e-01
   9.8823529e-01   6.0092272e-01   4.7958478e-01
   9.8823529e-01   5.9587851e-01   4.7380238e-01
   9.8823529e-01   5.9083429e-01   4.6801999e-01
   9.8823529e-01   5.8579008e-01   4.6223760e-01
   9.8823529e-01   5.8074587e-01   4.5645521e-01
   9.8823529e-01   5.7570165e-01   4.5067282e-01
   9.8818916e-01   5.7070358e-01   4.4521338e-01
   9.8806613e-01   5.6578239e-01   4.4029220e-01
   9.8794310e-01   5.6086121e-01   4.3537101e-01
   9.8782007e-01   5.5594002e-01   4.3044983e-01
   9.8769704e-01   5.5101884e-01   4.2552864e-01
   9.8757401e-01   5.4609765e-01   4.2060746e-01
   9.8745098e-01   5.4117647e-01   4.1568627e-01
   9.8732795e-01   5.3625529e-01   4.1076509e-01
   9.8720492e-01   5.3133410e-01   4.0584391e-01
   9.8708189e-01   5.2641292e-01   4.0092272e-01
   9.8695886e-01   5.2149173e-01   3.9600154e-01
   9.8683583e-01   5.1657055e-01   3.9108035e-01
   9.8671280e-01   5.1164937e-01   3.8615917e-01
   9.8658977e-01   5.0672818e-01   3.8123799e-01
   9.8646674e-01   5.0180700e-01   3.7631680e-01
   9.8634371e-01   4.9688581e-01   3.7139562e-01
   9.8622068e-01   4.9196463e-01   3.6647443e-01
   9.8609765e-01   4.8704344e-01   3.6155325e-01
   9.8597463e-01   4.8212226e-01   3.5663206e-01
   9.8585160e-01   4.7720108e-01   3.5171088e-01
   9.8572857e-01   4.7227989e-01   3.4678970e-01
   9.8560554e-01   4.6735871e-01   3.4186851e-01
   9.8548251e-01   4.6243752e-01   3.3694733e-01
   9.8535948e-01   4.5751634e-01   3.3202614e-01
   9.8523645e-01   4.5259516e-01   3.2710496e-01
   9.8511342e-01   4.4767397e-01   3.2218378e-01
   9.8499039e-01   4.4275279e-01   3.1726259e-01
   9.8486736e-01   4.3783160e-01   3.1234141e-01
   9.8474433e-01   4.3291042e-01   3.0742022e-01
   9.8462130e-01   4.2798923e-01   3.0249904e-01
   9.8449827e-01   4.2306805e-01   2.9757785e-01
   9.8437524e-01   4.1814687e-01   2.9265667e-01
   9.8357555e-01   4.1279508e-01   2.8835063e-01
   9.8209919e-01   4.0701269e-01   2.8465975e-01
   9.8062284e-01   4.0123030e-01   2.8096886e-01
   9.7914648e-01   3.9544790e-01   2.7727797e-01
   9.7767013e-01   3.8966551e-01   2.7358708e-01
   9.7619377e-01   3.8388312e-01   2.6989619e-01
   9.7471742e-01   3.7810073e-01   2.6620531e-01
   9.7324106e-01   3.7231834e-01   2.6251442e-01
   9.7176471e-01   3.6653595e-01   2.5882353e-01
   9.7028835e-01   3.6075356e-01   2.5513264e-01
   9.6881200e-01   3.5497116e-01   2.5144175e-01
   9.6733564e-01   3.4918877e-01   2.4775087e-01
   9.6585928e-01   3.4340638e-01   2.4405998e-01
   9.6438293e-01   3.3762399e-01   2.4036909e-01
   9.6290657e-01   3.3184160e-01   2.3667820e-01
   9.6143022e-01   3.2605921e-01   2.3298731e-01
   9.5995386e-01   3.2027682e-01   2.2929642e-01
   9.5847751e-01   3.1449443e-01   2.2560554e-01
   9.5700115e-01   3.0871203e-01   2.2191465e-01
   9.5552480e-01   3.0292964e-01   2.1822376e-01
   9.5404844e-01   2.9714725e-01   2.1453287e-01
   9.5257209e-01   2.9136486e-01   2.1084198e-01
   9.5109573e-01   2.8558247e-01   2.0715110e-01
   9.4961938e-01   2.7980008e-01   2.0346021e-01
   9.4814302e-01   2.7401769e-01   1.9976932e-01
   9.4666667e-01   2.6823529e-01   1.9607843e-01
   9.4519031e-01   2.6245290e-01   1.9238754e-01
   9.4371396e-01   2.5667051e-01   1.8869666e-01
   9.4223760e-01   2.5088812e-01   1.8500577e-01
   9.4076125e-01   2.4510573e-01   1.8131488e-01
   9.3928489e-01   2.3932334e-01   1.7762399e-01
   9.3780854e-01   2.3354095e-01   1.7393310e-01
   9.3448674e-01   2.2868128e-01   1.7139562e-01
   9.3005767e-01   2.2437524e-01   1.6955017e-01
   9.2562860e-01   2.2006920e-01   1.6770473e-01
   9.2119954e-01   2.1576317e-01   1.6585928e-01
   9.1677047e-01   2.1145713e-01   1.6401384e-01
   9.1234141e-01   2.0715110e-01   1.6216840e-01
   9.0791234e-01   2.0284506e-01   1.6032295e-01
   9.0348328e-01   1.9853902e-01   1.5847751e-01
   8.9905421e-01   1.9423299e-01   1.5663206e-01
   8.9462514e-01   1.8992695e-01   1.5478662e-01
   8.9019608e-01   1.8562092e-01   1.5294118e-01
   8.8576701e-01   1.8131488e-01   1.5109573e-01
   8.8133795e-01   1.7700884e-01   1.4925029e-01
   8.7690888e-01   1.7270281e-01   1.4740484e-01
   8.7247982e-01   1.6839677e-01   1.4555940e-01
   8.6805075e-01   1.6409073e-01   1.4371396e-01
   8.6362168e-01   1.5978470e-01   1.4186851e-01
   8.5919262e-01   1.5547866e-01   1.4002307e-01
   8.5476355e-01   1.5117263e-01   1.3817762e-01
   8.5033449e-01   1.4686659e-01   1.3633218e-01
   8.4590542e-01   1.4256055e-01   1.3448674e-01
   8.4147636e-01   1.3825452e-01   1.3264129e-01
   8.3704729e-01   1.3394848e-01   1.3079585e-01
   8.3261822e-01   1.2964245e-01   1.2895040e-01
   8.2818916e-01   1.2533641e-01   1.2710496e-01
   8.2376009e-01   1.2103037e-01   1.2525952e-01
   8.1933103e-01   1.1672434e-01   1.2341407e-01
   8.1490196e-01   1.1241830e-01   1.2156863e-01
   8.1047290e-01   1.0811226e-01   1.1972318e-01
   8.0604383e-01   1.0380623e-01   1.1787774e-01
   8.0161476e-01   9.9500192e-02   1.1603230e-01
   7.9718570e-01   9.5194156e-02   1.1418685e-01
   7.9257209e-01   9.3287197e-02   1.1298731e-01
   7.8789696e-01   9.2179931e-02   1.1200308e-01
   7.8322184e-01   9.1072664e-02   1.1101884e-01
   7.7854671e-01   8.9965398e-02   1.1003460e-01
   7.7387159e-01   8.8858131e-02   1.0905037e-01
   7.6919646e-01   8.7750865e-02   1.0806613e-01
   7.6452134e-01   8.6643599e-02   1.0708189e-01
   7.5984621e-01   8.5536332e-02   1.0609765e-01
   7.5517109e-01   8.4429066e-02   1.0511342e-01
   7.5049596e-01   8.3321799e-02   1.0412918e-01
   7.4582084e-01   8.2214533e-02   1.0314494e-01
   7.4114571e-01   8.1107266e-02   1.0216071e-01
   7.3647059e-01   8.0000000e-02   1.0117647e-01
   7.3179546e-01   7.8892734e-02   1.0019223e-01
   7.2712034e-01   7.7785467e-02   9.9207997e-02
   7.2244521e-01   7.6678201e-02   9.8223760e-02
   7.1777009e-01   7.5570934e-02   9.7239523e-02
   7.1309496e-01   7.4463668e-02   9.6255286e-02
   7.0841984e-01   7.3356401e-02   9.5271050e-02
   7.0374471e-01   7.2249135e-02   9.4286813e-02
   6.9906959e-01   7.1141869e-02   9.3302576e-02
   6.9439446e-01   7.0034602e-02   9.2318339e-02
   6.8971934e-01   6.8927336e-02   9.1334102e-02
   6.8504421e-01   6.7820069e-02   9.0349865e-02
   6.8036909e-01   6.6712803e-02   8.9365629e-02
   6.7569396e-01   6.5605536e-02   8.8381392e-02
   6.7101884e-01   6.4498270e-02   8.7397155e-02
   6.6634371e-01   6.3391003e-02   8.6412918e-02
   6.6166859e-01   6.2283737e-02   8.5428681e-02
   6.5699346e-01   6.1176471e-02   8.4444444e-02
   6.5231834e-01   6.0069204e-02   8.3460208e-02
   6.4764321e-01   5.8961938e-02   8.2475971e-02
   6.4038447e-01   5.7208766e-02   8.1491734e-02
   6.3275663e-01   5.5363322e-02   8.0507497e-02
   6.2512880e-01   5.3517878e-02   7.9523260e-02
   6.1750096e-01   5.1672434e-02   7.8539023e-02
   6.0987313e-01   4.9826990e-02   7.7554787e-02
   6.0224529e-01   4.7981546e-02   7.6570550e-02
   5.9461745e-01   4.6136101e-02   7.5586313e-02
   5.8698962e-01   4.4290657e-02   7.4602076e-02
   5.7936178e-01   4.2445213e-02   7.3617839e-02
   5.7173395e-01   4.0599769e-02   7.2633602e-02
   5.6410611e-01   3.8754325e-02   7.1649366e-02
   5.5647828e-01   3.6908881e-02   7.0665129e-02
   5.4885044e-01   3.5063437e-02   6.9680892e-02
   5.4122261e-01   3.3217993e-02   6.8696655e-02
   5.3359477e-01   3.1372549e-02   6.7712418e-02
   5.2596694e-01   2.9527105e-02   6.6728181e-02
   5.1833910e-01   2.7681661e-02   6.5743945e-02
   5.1071126e-01   2.5836217e-02   6.4759708e-02
   5.0308343e-01   2.3990773e-02   6.3775471e-02
   4.9545559e-01   2.2145329e-02   6.2791234e-02
   4.8782776e-01   2.0299885e-02   6.1806997e-02
   4.8019992e-01   1.8454441e-02   6.0822760e-02
   4.7257209e-01   1.6608997e-02   5.9838524e-02
   4.6494425e-01   1.4763552e-02   5.8854287e-02
   4.5731642e-01   1.2918108e-02   5.7870050e-02
   4.4968858e-01   1.1072664e-02   5.6885813e-02
   4.4206075e-01   9.2272203e-03   5.5901576e-02
   4.3443291e-01   7.3817762e-03   5.4917339e-02
   4.2680507e-01   5.5363322e-03   5.3933103e-02
   4.1917724e-01   3.6908881e-03   5.2948866e-02
   4.1154940e-01   1.8454441e-03   5.1964629e-02
   4.0392157e-01   0.0000000e+00   5.0980392e-02
