   6.1960784e-01   3.9215686e-03   2.5882353e-01
   6.2806613e-01   1.3302576e-02   2.6082276e-01
   6.3652441e-01   2.2683583e-02   2.6282199e-01
   6.4498270e-01   3.2064591e-02   2.6482122e-01
   6.5344098e-01   4.1445598e-02   2.6682045e-01
   6.6189927e-01   5.0826605e-02   2.6881968e-01
   6.7035755e-01   6.0207612e-02   2.7081892e-01
   6.7881584e-01   6.9588620e-02   2.7281815e-01
   6.8727413e-01   7.8969627e-02   2.7481738e-01
   6.9573241e-01   8.8350634e-02   2.7681661e-01
   7.0419070e-01   9.7731642e-02   2.7881584e-01
   7.1264898e-01   1.0711265e-01   2.8081507e-01
   7.2110727e-01   1.1649366e-01   2.8281430e-01
   7.2956555e-01   1.2587466e-01   2.8481353e-01
   7.3802384e-01   1.3525567e-01   2.8681276e-01
   7.4648212e-01   1.4463668e-01   2.8881200e-01
   7.5494041e-01   1.5401769e-01   2.9081123e-01
   7.6339869e-01   1.6339869e-01   2.9281046e-01
   7.7185698e-01   1.7277970e-01   2.9480969e-01
   7.8031526e-01   1.8216071e-01   2.9680892e-01
   7.8877355e-01   1.9154171e-01   2.9880815e-01
   7.9723183e-01   2.0092272e-01   3.0080738e-01
   8.0569012e-01   2.1030373e-01   3.0280661e-01
   8.1414840e-01   2.1968474e-01   3.0480584e-01
   8.2260669e-01   2.2906574e-01   3.0680507e-01
   8.3106498e-01   2.3844675e-01   3.0880431e-01
   8.3767782e-01   2.4675125e-01   3.0888120e-01
   8.4244521e-01   2.5397924e-01   3.0703576e-01
   8.4721261e-01   2.6120723e-01   3.0519031e-01
   8.5198001e-01   2.6843522e-01   3.0334487e-01
   8.5674740e-01   2.7566321e-01   3.0149942e-01
   8.6151480e-01   2.8289120e-01   2.9965398e-01
   8.6628220e-01   2.9011918e-01   2.9780854e-01
   8.7104960e-01   2.9734717e-01   2.9596309e-01
   8.7581699e-01   3.0457516e-01   2.9411765e-01
   8.8058439e-01   3.1180315e-01   2.9227220e-01
   8.8535179e-01   3.1903114e-01   2.9042676e-01
   8.9011918e-01   3.2625913e-01   2.8858131e-01
   8.9488658e-01   3.3348712e-01   2.8673587e-01
   8.9965398e-01   3.4071511e-01   2.8489043e-01
   9.0442138e-01   3.4794310e-01   2.8304498e-01
   9.0918877e-01   3.5517109e-01   2.8119954e-01
   9.1395617e-01   3.6239908e-01   2.7935409e-01
   9.1872357e-01   3.6962707e-01   2.7750865e-01
   9.2349097e-01   3.7685506e-01   2.7566321e-01
   9.2825836e-01   3.8408304e-01   2.7381776e-01
   9.3302576e-01   3.9131103e-01   2.7197232e-01
   9.3779316e-01   3.9853902e-01   2.7012687e-01
   9.4256055e-01   4.0576701e-01   2.6828143e-01
   9.4732795e-01   4.1299500e-01   2.6643599e-01
   9.5209535e-01   4.2022299e-01   2.6459054e-01
   9.5686275e-01   4.2745098e-01   2.6274510e-01
   9.5824683e-01   4.3744714e-01   2.6735871e-01
   9.5963091e-01   4.4744329e-01   2.7197232e-01
   9.6101499e-01   4.5743945e-01   2.7658593e-01
   9.6239908e-01   4.6743560e-01   2.8119954e-01
   9.6378316e-01   4.7743176e-01   2.8581315e-01
   9.6516724e-01   4.8742791e-01   2.9042676e-01
   9.6655133e-01   4.9742407e-01   2.9504037e-01
   9.6793541e-01   5.0742022e-01   2.9965398e-01
   9.6931949e-01   5.1741638e-01   3.0426759e-01
   9.7070358e-01   5.2741253e-01   3.0888120e-01
   9.7208766e-01   5.3740869e-01   3.1349481e-01
   9.7347174e-01   5.4740484e-01   3.1810842e-01
   9.7485582e-01   5.5740100e-01   3.2272203e-01
   9.7623991e-01   5.6739715e-01   3.2733564e-01
   9.7762399e-01   5.7739331e-01   3.3194925e-01
   9.7900807e-01   5.8738947e-01   3.3656286e-01
   9.8039216e-01   5.9738562e-01   3.4117647e-01
   9.8177624e-01   6.0738178e-01   3.4579008e-01
   9.8316032e-01   6.1737793e-01   3.5040369e-01
   9.8454441e-01   6.2737409e-01   3.5501730e-01
   9.8592849e-01   6.3737024e-01   3.5963091e-01
   9.8731257e-01   6.4736640e-01   3.6424452e-01
   9.8869666e-01   6.5736255e-01   3.6885813e-01
   9.9008074e-01   6.6735871e-01   3.7347174e-01
   9.9146482e-01   6.7735486e-01   3.7808535e-01
   9.9223376e-01   6.8619762e-01   3.8362168e-01
   9.9238754e-01   6.9388697e-01   3.9008074e-01
   9.9254133e-01   7.0157632e-01   3.9653979e-01
   9.9269512e-01   7.0926567e-01   4.0299885e-01
   9.9284890e-01   7.1695502e-01   4.0945790e-01
   9.9300269e-01   7.2464437e-01   4.1591696e-01
   9.9315648e-01   7.3233372e-01   4.2237601e-01
   9.9331027e-01   7.4002307e-01   4.2883506e-01
   9.9346405e-01   7.4771242e-01   4.3529412e-01
   9.9361784e-01   7.5540177e-01   4.4175317e-01
   9.9377163e-01   7.6309112e-01   4.4821223e-01
   9.9392541e-01   7.7078047e-01   4.5467128e-01
   9.9407920e-01   7.7846982e-01   4.6113033e-01
   9.9423299e-01   7.8615917e-01   4.6758939e-01
   9.9438677e-01   7.9384852e-01   4.7404844e-01
   9.9454056e-01   8.0153787e-01   4.8050750e-01
   9.9469435e-01   8.0922722e-01   4.8696655e-01
   9.9484814e-01   8.1691657e-01   4.9342561e-01
   9.9500192e-01   8.2460592e-01   4.9988466e-01
   9.9515571e-01   8.3229527e-01   5.0634371e-01
   9.9530950e-01   8.3998462e-01   5.1280277e-01
   9.9546328e-01   8.4767397e-01   5.1926182e-01
   9.9561707e-01   8.5536332e-01   5.2572088e-01
   9.9577086e-01   8.6305267e-01   5.3217993e-01
   9.9592464e-01   8.7074202e-01   5.3863899e-01
   9.9607843e-01   8.7843137e-01   5.4509804e-01
   9.9623222e-01   8.8319877e-01   5.5309496e-01
   9.9638601e-01   8.8796617e-01   5.6109189e-01
   9.9653979e-01   8.9273356e-01   5.6908881e-01
   9.9669358e-01   8.9750096e-01   5.7708574e-01
   9.9684737e-01   9.0226836e-01   5.8508266e-01
   9.9700115e-01   9.0703576e-01   5.9307958e-01
   9.9715494e-01   9.1180315e-01   6.0107651e-01
   9.9730873e-01   9.1657055e-01   6.0907343e-01
   9.9746251e-01   9.2133795e-01   6.1707036e-01
   9.9761630e-01   9.2610534e-01   6.2506728e-01
   9.9777009e-01   9.3087274e-01   6.3306421e-01
   9.9792388e-01   9.3564014e-01   6.4106113e-01
   9.9807766e-01   9.4040754e-01   6.4905805e-01
   9.9823145e-01   9.4517493e-01   6.5705498e-01
   9.9838524e-01   9.4994233e-01   6.6505190e-01
   9.9853902e-01   9.5470973e-01   6.7304883e-01
   9.9869281e-01   9.5947712e-01   6.8104575e-01
   9.9884660e-01   9.6424452e-01   6.8904268e-01
   9.9900038e-01   9.6901192e-01   6.9703960e-01
   9.9915417e-01   9.7377932e-01   7.0503652e-01
   9.9930796e-01   9.7854671e-01   7.1303345e-01
   9.9946175e-01   9.8331411e-01   7.2103037e-01
   9.9961553e-01   9.8808151e-01   7.2902730e-01
   9.9976932e-01   9.9284890e-01   7.3702422e-01
   9.9992311e-01   9.9761630e-01   7.4502115e-01
   9.9807766e-01   9.9923106e-01   7.4602076e-01
   9.9423299e-01   9.9769319e-01   7.4002307e-01
   9.9038831e-01   9.9615532e-01   7.3402537e-01
   9.8654364e-01   9.9461745e-01   7.2802768e-01
   9.8269896e-01   9.9307958e-01   7.2202999e-01
   9.7885429e-01   9.9154171e-01   7.1603230e-01
   9.7500961e-01   9.9000384e-01   7.1003460e-01
   9.7116494e-01   9.8846597e-01   7.0403691e-01
   9.6732026e-01   9.8692810e-01   6.9803922e-01
   9.6347559e-01   9.8539023e-01   6.9204152e-01
   9.5963091e-01   9.8385236e-01   6.8604383e-01
   9.5578624e-01   9.8231449e-01   6.8004614e-01
   9.5194156e-01   9.8077662e-01   6.7404844e-01
   9.4809689e-01   9.7923875e-01   6.6805075e-01
   9.4425221e-01   9.7770088e-01   6.6205306e-01
   9.4040754e-01   9.7616301e-01   6.5605536e-01
   9.3656286e-01   9.7462514e-01   6.5005767e-01
   9.3271819e-01   9.7308727e-01   6.4405998e-01
   9.2887351e-01   9.7154940e-01   6.3806228e-01
   9.2502884e-01   9.7001153e-01   6.3206459e-01
   9.2118416e-01   9.6847366e-01   6.2606690e-01
   9.1733948e-01   9.6693579e-01   6.2006920e-01
   9.1349481e-01   9.6539792e-01   6.1407151e-01
   9.0965013e-01   9.6386005e-01   6.0807382e-01
   9.0580546e-01   9.6232218e-01   6.0207612e-01
   9.0196078e-01   9.6078431e-01   5.9607843e-01
   8.9288735e-01   9.5709343e-01   5.9792388e-01
   8.8381392e-01   9.5340254e-01   5.9976932e-01
   8.7474048e-01   9.4971165e-01   6.0161476e-01
   8.6566705e-01   9.4602076e-01   6.0346021e-01
   8.5659362e-01   9.4232987e-01   6.0530565e-01
   8.4752018e-01   9.3863899e-01   6.0715110e-01
   8.3844675e-01   9.3494810e-01   6.0899654e-01
   8.2937332e-01   9.3125721e-01   6.1084198e-01
   8.2029988e-01   9.2756632e-01   6.1268743e-01
   8.1122645e-01   9.2387543e-01   6.1453287e-01
   8.0215302e-01   9.2018454e-01   6.1637832e-01
   7.9307958e-01   9.1649366e-01   6.1822376e-01
   7.8400615e-01   9.1280277e-01   6.2006920e-01
   7.7493272e-01   9.0911188e-01   6.2191465e-01
   7.6585928e-01   9.0542099e-01   6.2376009e-01
   7.5678585e-01   9.0173010e-01   6.2560554e-01
   7.4771242e-01   8.9803922e-01   6.2745098e-01
   7.3863899e-01   8.9434833e-01   6.2929642e-01
   7.2956555e-01   8.9065744e-01   6.3114187e-01
   7.2049212e-01   8.8696655e-01   6.3298731e-01
   7.1141869e-01   8.8327566e-01   6.3483276e-01
   7.0234525e-01   8.7958478e-01   6.3667820e-01
   6.9327182e-01   8.7589389e-01   6.3852364e-01
   6.8419839e-01   8.7220300e-01   6.4036909e-01
   6.7512495e-01   8.6851211e-01   6.4221453e-01
   6.6528258e-01   8.6459054e-01   6.4321415e-01
   6.5467128e-01   8.6043829e-01   6.4336794e-01
   6.4405998e-01   8.5628604e-01   6.4352172e-01
   6.3344867e-01   8.5213379e-01   6.4367551e-01
   6.2283737e-01   8.4798155e-01   6.4382930e-01
   6.1222607e-01   8.4382930e-01   6.4398308e-01
   6.0161476e-01   8.3967705e-01   6.4413687e-01
   5.9100346e-01   8.3552480e-01   6.4429066e-01
   5.8039216e-01   8.3137255e-01   6.4444444e-01
   5.6978085e-01   8.2722030e-01   6.4459823e-01
   5.5916955e-01   8.2306805e-01   6.4475202e-01
   5.4855825e-01   8.1891580e-01   6.4490581e-01
   5.3794694e-01   8.1476355e-01   6.4505959e-01
   5.2733564e-01   8.1061130e-01   6.4521338e-01
   5.1672434e-01   8.0645905e-01   6.4536717e-01
   5.0611303e-01   8.0230681e-01   6.4552095e-01
   4.9550173e-01   7.9815456e-01   6.4567474e-01
   4.8489043e-01   7.9400231e-01   6.4582853e-01
   4.7427912e-01   7.8985006e-01   6.4598231e-01
   4.6366782e-01   7.8569781e-01   6.4613610e-01
   4.5305652e-01   7.8154556e-01   6.4628989e-01
   4.4244521e-01   7.7739331e-01   6.4644368e-01
   4.3183391e-01   7.7324106e-01   6.4659746e-01
   4.2122261e-01   7.6908881e-01   6.4675125e-01
   4.1061130e-01   7.6493656e-01   6.4690504e-01
   4.0000000e-01   7.6078431e-01   6.4705882e-01
   3.9200308e-01   7.5186467e-01   6.5074971e-01
   3.8400615e-01   7.4294502e-01   6.5444060e-01
   3.7600923e-01   7.3402537e-01   6.5813149e-01
   3.6801230e-01   7.2510573e-01   6.6182238e-01
   3.6001538e-01   7.1618608e-01   6.6551326e-01
   3.5201845e-01   7.0726644e-01   6.6920415e-01
   3.4402153e-01   6.9834679e-01   6.7289504e-01
   3.3602461e-01   6.8942714e-01   6.7658593e-01
   3.2802768e-01   6.8050750e-01   6.8027682e-01
   3.2003076e-01   6.7158785e-01   6.8396770e-01
   3.1203383e-01   6.6266820e-01   6.8765859e-01
   3.0403691e-01   6.5374856e-01   6.9134948e-01
   2.9603998e-01   6.4482891e-01   6.9504037e-01
   2.8804306e-01   6.3590927e-01   6.9873126e-01
   2.8004614e-01   6.2698962e-01   7.0242215e-01
   2.7204921e-01   6.1806997e-01   7.0611303e-01
   2.6405229e-01   6.0915033e-01   7.0980392e-01
   2.5605536e-01   6.0023068e-01   7.1349481e-01
   2.4805844e-01   5.9131103e-01   7.1718570e-01
   2.4006151e-01   5.8239139e-01   7.2087659e-01
   2.3206459e-01   5.7347174e-01   7.2456747e-01
   2.2406767e-01   5.6455210e-01   7.2825836e-01
   2.1607074e-01   5.5563245e-01   7.3194925e-01
   2.0807382e-01   5.4671280e-01   7.3564014e-01
   2.0007689e-01   5.3779316e-01   7.3933103e-01
   1.9946175e-01   5.2895040e-01   7.3910035e-01
   2.0622837e-01   5.2018454e-01   7.3494810e-01
   2.1299500e-01   5.1141869e-01   7.3079585e-01
   2.1976163e-01   5.0265283e-01   7.2664360e-01
   2.2652826e-01   4.9388697e-01   7.2249135e-01
   2.3329489e-01   4.8512111e-01   7.1833910e-01
   2.4006151e-01   4.7635525e-01   7.1418685e-01
   2.4682814e-01   4.6758939e-01   7.1003460e-01
   2.5359477e-01   4.5882353e-01   7.0588235e-01
   2.6036140e-01   4.5005767e-01   7.0173010e-01
   2.6712803e-01   4.4129181e-01   6.9757785e-01
   2.7389466e-01   4.3252595e-01   6.9342561e-01
   2.8066128e-01   4.2376009e-01   6.8927336e-01
   2.8742791e-01   4.1499423e-01   6.8512111e-01
   2.9419454e-01   4.0622837e-01   6.8096886e-01
   3.0096117e-01   3.9746251e-01   6.7681661e-01
   3.0772780e-01   3.8869666e-01   6.7266436e-01
   3.1449443e-01   3.7993080e-01   6.6851211e-01
   3.2126105e-01   3.7116494e-01   6.6435986e-01
   3.2802768e-01   3.6239908e-01   6.6020761e-01
   3.3479431e-01   3.5363322e-01   6.5605536e-01
   3.4156094e-01   3.4486736e-01   6.5190311e-01
   3.4832757e-01   3.3610150e-01   6.4775087e-01
   3.5509419e-01   3.2733564e-01   6.4359862e-01
   3.6186082e-01   3.1856978e-01   6.3944637e-01
   3.6862745e-01   3.0980392e-01   6.3529412e-01
