   2.0000000e-01   2.0000000e-01   6.0000000e-01
   1.9477124e-01   2.1045752e-01   6.1045752e-01
   1.8954248e-01   2.2091503e-01   6.2091503e-01
   1.8431373e-01   2.3137255e-01   6.3137255e-01
   1.7908497e-01   2.4183007e-01   6.4183007e-01
   1.7385621e-01   2.5228758e-01   6.5228758e-01
   1.6862745e-01   2.6274510e-01   6.6274510e-01
   1.6339869e-01   2.7320261e-01   6.7320261e-01
   1.5816993e-01   2.8366013e-01   6.8366013e-01
   1.5294118e-01   2.9411765e-01   6.9411765e-01
   1.4771242e-01   3.0457516e-01   7.0457516e-01
   1.4248366e-01   3.1503268e-01   7.1503268e-01
   1.3725490e-01   3.2549020e-01   7.2549020e-01
   1.3202614e-01   3.3594771e-01   7.3594771e-01
   1.2679739e-01   3.4640523e-01   7.4640523e-01
   1.2156863e-01   3.5686275e-01   7.5686275e-01
   1.1633987e-01   3.6732026e-01   7.6732026e-01
   1.1111111e-01   3.7777778e-01   7.7777778e-01
   1.0588235e-01   3.8823529e-01   7.8823529e-01
   1.0065359e-01   3.9869281e-01   7.9869281e-01
   9.5424837e-02   4.0915033e-01   8.0915033e-01
   9.0196078e-02   4.1960784e-01   8.1960784e-01
   8.4967320e-02   4.3006536e-01   8.3006536e-01
   7.9738562e-02   4.4052288e-01   8.4052288e-01
   7.4509804e-02   4.5098039e-01   8.5098039e-01
   6.9281046e-02   4.6143791e-01   8.6143791e-01
   6.4052288e-02   4.7189542e-01   8.7189542e-01
   5.8823529e-02   4.8235294e-01   8.8235294e-01
   5.3594771e-02   4.9281046e-01   8.9281046e-01
   4.8366013e-02   5.0326797e-01   9.0326797e-01
   4.3137255e-02   5.1372549e-01   9.1372549e-01
   3.7908497e-02   5.2418301e-01   9.2418301e-01
   3.2679739e-02   5.3464052e-01   9.3464052e-01
   2.7450980e-02   5.4509804e-01   9.4509804e-01
   2.2222222e-02   5.5555556e-01   9.5555556e-01
   1.6993464e-02   5.6601307e-01   9.6601307e-01
   1.1764706e-02   5.7647059e-01   9.7647059e-01
   6.5359477e-03   5.8692810e-01   9.8692810e-01
   1.3071895e-03   5.9738562e-01   9.9738562e-01
   0.0000000e+00   6.0588235e-01   9.8235294e-01
   0.0000000e+00   6.1372549e-01   9.5882353e-01
   0.0000000e+00   6.2156863e-01   9.3529412e-01
   0.0000000e+00   6.2941176e-01   9.1176471e-01
   0.0000000e+00   6.3725490e-01   8.8823529e-01
   0.0000000e+00   6.4509804e-01   8.6470588e-01
   0.0000000e+00   6.5294118e-01   8.4117647e-01
   0.0000000e+00   6.6078431e-01   8.1764706e-01
   0.0000000e+00   6.6862745e-01   7.9411765e-01
   0.0000000e+00   6.7647059e-01   7.7058824e-01
   0.0000000e+00   6.8431373e-01   7.4705882e-01
   0.0000000e+00   6.9215686e-01   7.2352941e-01
   0.0000000e+00   7.0000000e-01   7.0000000e-01
   0.0000000e+00   7.0784314e-01   6.7647059e-01
   0.0000000e+00   7.1568627e-01   6.5294118e-01
   0.0000000e+00   7.2352941e-01   6.2941176e-01
   0.0000000e+00   7.3137255e-01   6.0588235e-01
   0.0000000e+00   7.3921569e-01   5.8235294e-01
   0.0000000e+00   7.4705882e-01   5.5882353e-01
   0.0000000e+00   7.5490196e-01   5.3529412e-01
   0.0000000e+00   7.6274510e-01   5.1176471e-01
   0.0000000e+00   7.7058824e-01   4.8823529e-01
   0.0000000e+00   7.7843137e-01   4.6470588e-01
   0.0000000e+00   7.8627451e-01   4.4117647e-01
   0.0000000e+00   7.9411765e-01   4.1764706e-01
   3.9215686e-03   8.0078431e-01   4.0078431e-01
   1.9607843e-02   8.0392157e-01   4.0392157e-01
   3.5294118e-02   8.0705882e-01   4.0705882e-01
   5.0980392e-02   8.1019608e-01   4.1019608e-01
   6.6666667e-02   8.1333333e-01   4.1333333e-01
   8.2352941e-02   8.1647059e-01   4.1647059e-01
   9.8039216e-02   8.1960784e-01   4.1960784e-01
   1.1372549e-01   8.2274510e-01   4.2274510e-01
   1.2941176e-01   8.2588235e-01   4.2588235e-01
   1.4509804e-01   8.2901961e-01   4.2901961e-01
   1.6078431e-01   8.3215686e-01   4.3215686e-01
   1.7647059e-01   8.3529412e-01   4.3529412e-01
   1.9215686e-01   8.3843137e-01   4.3843137e-01
   2.0784314e-01   8.4156863e-01   4.4156863e-01
   2.2352941e-01   8.4470588e-01   4.4470588e-01
   2.3921569e-01   8.4784314e-01   4.4784314e-01
   2.5490196e-01   8.5098039e-01   4.5098039e-01
   2.7058824e-01   8.5411765e-01   4.5411765e-01
   2.8627451e-01   8.5725490e-01   4.5725490e-01
   3.0196078e-01   8.6039216e-01   4.6039216e-01
   3.1764706e-01   8.6352941e-01   4.6352941e-01
   3.3333333e-01   8.6666667e-01   4.6666667e-01
   3.4901961e-01   8.6980392e-01   4.6980392e-01
   3.6470588e-01   8.7294118e-01   4.7294118e-01
   3.8039216e-01   8.7607843e-01   4.7607843e-01
   3.9607843e-01   8.7921569e-01   4.7921569e-01
   4.1176471e-01   8.8235294e-01   4.8235294e-01
   4.2745098e-01   8.8549020e-01   4.8549020e-01
   4.4313725e-01   8.8862745e-01   4.8862745e-01
   4.5882353e-01   8.9176471e-01   4.9176471e-01
   4.7450980e-01   8.9490196e-01   4.9490196e-01
   4.9019608e-01   8.9803922e-01   4.9803922e-01
   5.0588235e-01   9.0117647e-01   5.0117647e-01
   5.2156863e-01   9.0431373e-01   5.0431373e-01
   5.3725490e-01   9.0745098e-01   5.0745098e-01
   5.5294118e-01   9.1058824e-01   5.1058824e-01
   5.6862745e-01   9.1372549e-01   5.1372549e-01
   5.8431373e-01   9.1686275e-01   5.1686275e-01
   6.0000000e-01   9.2000000e-01   5.2000000e-01
   6.1568627e-01   9.2313725e-01   5.2313725e-01
   6.3137255e-01   9.2627451e-01   5.2627451e-01
   6.4705882e-01   9.2941176e-01   5.2941176e-01
   6.6274510e-01   9.3254902e-01   5.3254902e-01
   6.7843137e-01   9.3568627e-01   5.3568627e-01
   6.9411765e-01   9.3882353e-01   5.3882353e-01
   7.0980392e-01   9.4196078e-01   5.4196078e-01
   7.2549020e-01   9.4509804e-01   5.4509804e-01
   7.4117647e-01   9.4823529e-01   5.4823529e-01
   7.5686275e-01   9.5137255e-01   5.5137255e-01
   7.7254902e-01   9.5450980e-01   5.5450980e-01
   7.8823529e-01   9.5764706e-01   5.5764706e-01
   8.0392157e-01   9.6078431e-01   5.6078431e-01
   8.1960784e-01   9.6392157e-01   5.6392157e-01
   8.3529412e-01   9.6705882e-01   5.6705882e-01
   8.5098039e-01   9.7019608e-01   5.7019608e-01
   8.6666667e-01   9.7333333e-01   5.7333333e-01
   8.8235294e-01   9.7647059e-01   5.7647059e-01
   8.9803922e-01   9.7960784e-01   5.7960784e-01
   9.1372549e-01   9.8274510e-01   5.8274510e-01
   9.2941176e-01   9.8588235e-01   5.8588235e-01
   9.4509804e-01   9.8901961e-01   5.8901961e-01
   9.6078431e-01   9.9215686e-01   5.9215686e-01
   9.7647059e-01   9.9529412e-01   5.9529412e-01
   9.9215686e-01   9.9843137e-01   5.9843137e-01
   9.9607843e-01   9.9498039e-01   5.9788235e-01
   9.8823529e-01   9.8494118e-01   5.9364706e-01
   9.8039216e-01   9.7490196e-01   5.8941176e-01
   9.7254902e-01   9.6486275e-01   5.8517647e-01
   9.6470588e-01   9.5482353e-01   5.8094118e-01
   9.5686275e-01   9.4478431e-01   5.7670588e-01
   9.4901961e-01   9.3474510e-01   5.7247059e-01
   9.4117647e-01   9.2470588e-01   5.6823529e-01
   9.3333333e-01   9.1466667e-01   5.6400000e-01
   9.2549020e-01   9.0462745e-01   5.5976471e-01
   9.1764706e-01   8.9458824e-01   5.5552941e-01
   9.0980392e-01   8.8454902e-01   5.5129412e-01
   9.0196078e-01   8.7450980e-01   5.4705882e-01
   8.9411765e-01   8.6447059e-01   5.4282353e-01
   8.8627451e-01   8.5443137e-01   5.3858824e-01
   8.7843137e-01   8.4439216e-01   5.3435294e-01
   8.7058824e-01   8.3435294e-01   5.3011765e-01
   8.6274510e-01   8.2431373e-01   5.2588235e-01
   8.5490196e-01   8.1427451e-01   5.2164706e-01
   8.4705882e-01   8.0423529e-01   5.1741176e-01
   8.3921569e-01   7.9419608e-01   5.1317647e-01
   8.3137255e-01   7.8415686e-01   5.0894118e-01
   8.2352941e-01   7.7411765e-01   5.0470588e-01
   8.1568627e-01   7.6407843e-01   5.0047059e-01
   8.0784314e-01   7.5403922e-01   4.9623529e-01
   8.0000000e-01   7.4400000e-01   4.9200000e-01
   7.9215686e-01   7.3396078e-01   4.8776471e-01
   7.8431373e-01   7.2392157e-01   4.8352941e-01
   7.7647059e-01   7.1388235e-01   4.7929412e-01
   7.6862745e-01   7.0384314e-01   4.7505882e-01
   7.6078431e-01   6.9380392e-01   4.7082353e-01
   7.5294118e-01   6.8376471e-01   4.6658824e-01
   7.4509804e-01   6.7372549e-01   4.6235294e-01
   7.3725490e-01   6.6368627e-01   4.5811765e-01
   7.2941176e-01   6.5364706e-01   4.5388235e-01
   7.2156863e-01   6.4360784e-01   4.4964706e-01
   7.1372549e-01   6.3356863e-01   4.4541176e-01
   7.0588235e-01   6.2352941e-01   4.4117647e-01
   6.9803922e-01   6.1349020e-01   4.3694118e-01
   6.9019608e-01   6.0345098e-01   4.3270588e-01
   6.8235294e-01   5.9341176e-01   4.2847059e-01
   6.7450980e-01   5.8337255e-01   4.2423529e-01
   6.6666667e-01   5.7333333e-01   4.2000000e-01
   6.5882353e-01   5.6329412e-01   4.1576471e-01
   6.5098039e-01   5.5325490e-01   4.1152941e-01
   6.4313725e-01   5.4321569e-01   4.0729412e-01
   6.3529412e-01   5.3317647e-01   4.0305882e-01
   6.2745098e-01   5.2313725e-01   3.9882353e-01
   6.1960784e-01   5.1309804e-01   3.9458824e-01
   6.1176471e-01   5.0305882e-01   3.9035294e-01
   6.0392157e-01   4.9301961e-01   3.8611765e-01
   5.9607843e-01   4.8298039e-01   3.8188235e-01
   5.8823529e-01   4.7294118e-01   3.7764706e-01
   5.8039216e-01   4.6290196e-01   3.7341176e-01
   5.7254902e-01   4.5286275e-01   3.6917647e-01
   5.6470588e-01   4.4282353e-01   3.6494118e-01
   5.5686275e-01   4.3278431e-01   3.6070588e-01
   5.4901961e-01   4.2274510e-01   3.5647059e-01
   5.4117647e-01   4.1270588e-01   3.5223529e-01
   5.3333333e-01   4.0266667e-01   3.4800000e-01
   5.2549020e-01   3.9262745e-01   3.4376471e-01
   5.1764706e-01   3.8258824e-01   3.3952941e-01
   5.0980392e-01   3.7254902e-01   3.3529412e-01
   5.0196078e-01   3.6250980e-01   3.3105882e-01
   5.0588235e-01   3.6752941e-01   3.3788235e-01
   5.1372549e-01   3.7756863e-01   3.4839216e-01
   5.2156863e-01   3.8760784e-01   3.5890196e-01
   5.2941176e-01   3.9764706e-01   3.6941176e-01
   5.3725490e-01   4.0768627e-01   3.7992157e-01
   5.4509804e-01   4.1772549e-01   3.9043137e-01
   5.5294118e-01   4.2776471e-01   4.0094118e-01
   5.6078431e-01   4.3780392e-01   4.1145098e-01
   5.6862745e-01   4.4784314e-01   4.2196078e-01
   5.7647059e-01   4.5788235e-01   4.3247059e-01
   5.8431373e-01   4.6792157e-01   4.4298039e-01
   5.9215686e-01   4.7796078e-01   4.5349020e-01
   6.0000000e-01   4.8800000e-01   4.6400000e-01
   6.0784314e-01   4.9803922e-01   4.7450980e-01
   6.1568627e-01   5.0807843e-01   4.8501961e-01
   6.2352941e-01   5.1811765e-01   4.9552941e-01
   6.3137255e-01   5.2815686e-01   5.0603922e-01
   6.3921569e-01   5.3819608e-01   5.1654902e-01
   6.4705882e-01   5.4823529e-01   5.2705882e-01
   6.5490196e-01   5.5827451e-01   5.3756863e-01
   6.6274510e-01   5.6831373e-01   5.4807843e-01
   6.7058824e-01   5.7835294e-01   5.5858824e-01
   6.7843137e-01   5.8839216e-01   5.6909804e-01
   6.8627451e-01   5.9843137e-01   5.7960784e-01
   6.9411765e-01   6.0847059e-01   5.9011765e-01
   7.0196078e-01   6.1850980e-01   6.0062745e-01
   7.0980392e-01   6.2854902e-01   6.1113725e-01
   7.1764706e-01   6.3858824e-01   6.2164706e-01
   7.2549020e-01   6.4862745e-01   6.3215686e-01
   7.3333333e-01   6.5866667e-01   6.4266667e-01
   7.4117647e-01   6.6870588e-01   6.5317647e-01
   7.4901961e-01   6.7874510e-01   6.6368627e-01
   7.5686275e-01   6.8878431e-01   6.7419608e-01
   7.6470588e-01   6.9882353e-01   6.8470588e-01
   7.7254902e-01   7.0886275e-01   6.9521569e-01
   7.8039216e-01   7.1890196e-01   7.0572549e-01
   7.8823529e-01   7.2894118e-01   7.1623529e-01
   7.9607843e-01   7.3898039e-01   7.2674510e-01
   8.0392157e-01   7.4901961e-01   7.3725490e-01
   8.1176471e-01   7.5905882e-01   7.4776471e-01
   8.1960784e-01   7.6909804e-01   7.5827451e-01
   8.2745098e-01   7.7913725e-01   7.6878431e-01
   8.3529412e-01   7.8917647e-01   7.7929412e-01
   8.4313725e-01   7.9921569e-01   7.8980392e-01
   8.5098039e-01   8.0925490e-01   8.0031373e-01
   8.5882353e-01   8.1929412e-01   8.1082353e-01
   8.6666667e-01   8.2933333e-01   8.2133333e-01
   8.7450980e-01   8.3937255e-01   8.3184314e-01
   8.8235294e-01   8.4941176e-01   8.4235294e-01
   8.9019608e-01   8.5945098e-01   8.5286275e-01
   8.9803922e-01   8.6949020e-01   8.6337255e-01
   9.0588235e-01   8.7952941e-01   8.7388235e-01
   9.1372549e-01   8.8956863e-01   8.8439216e-01
   9.2156863e-01   8.9960784e-01   8.9490196e-01
   9.2941176e-01   9.0964706e-01   9.0541176e-01
   9.3725490e-01   9.1968627e-01   9.1592157e-01
   9.4509804e-01   9.2972549e-01   9.2643137e-01
   9.5294118e-01   9.3976471e-01   9.3694118e-01
   9.6078431e-01   9.4980392e-01   9.4745098e-01
   9.6862745e-01   9.5984314e-01   9.5796078e-01
   9.7647059e-01   9.6988235e-01   9.6847059e-01
   9.8431373e-01   9.7992157e-01   9.7898039e-01
   9.9215686e-01   9.8996078e-01   9.8949020e-01
   1.0000000e+00   1.0000000e+00   1.0000000e+00
