   1.8995000e-01   7.1760000e-02   2.3217000e-01
   1.9483000e-01   8.3390000e-02   2.6149000e-01
   1.9956000e-01   9.4980000e-02   2.9024000e-01
   2.0415000e-01   1.0652000e-01   3.1844000e-01
   2.0860000e-01   1.1802000e-01   3.4607000e-01
   2.1291000e-01   1.2947000e-01   3.7314000e-01
   2.1708000e-01   1.4087000e-01   3.9964000e-01
   2.2111000e-01   1.5223000e-01   4.2558000e-01
   2.2500000e-01   1.6354000e-01   4.5096000e-01
   2.2875000e-01   1.7481000e-01   4.7578000e-01
   2.3236000e-01   1.8603000e-01   5.0004000e-01
   2.3582000e-01   1.9720000e-01   5.2373000e-01
   2.3915000e-01   2.0833000e-01   5.4686000e-01
   2.4234000e-01   2.1941000e-01   5.6942000e-01
   2.4539000e-01   2.3044000e-01   5.9142000e-01
   2.4830000e-01   2.4143000e-01   6.1286000e-01
   2.5107000e-01   2.5237000e-01   6.3374000e-01
   2.5369000e-01   2.6327000e-01   6.5406000e-01
   2.5618000e-01   2.7412000e-01   6.7381000e-01
   2.5853000e-01   2.8492000e-01   6.9300000e-01
   2.6074000e-01   2.9568000e-01   7.1162000e-01
   2.6280000e-01   3.0639000e-01   7.2968000e-01
   2.6473000e-01   3.1706000e-01   7.4718000e-01
   2.6652000e-01   3.2768000e-01   7.6412000e-01
   2.6816000e-01   3.3825000e-01   7.8050000e-01
   2.6967000e-01   3.4878000e-01   7.9631000e-01
   2.7103000e-01   3.5926000e-01   8.1156000e-01
   2.7226000e-01   3.6970000e-01   8.2624000e-01
   2.7334000e-01   3.8008000e-01   8.4037000e-01
   2.7429000e-01   3.9043000e-01   8.5393000e-01
   2.7509000e-01   4.0072000e-01   8.6692000e-01
   2.7576000e-01   4.1097000e-01   8.7936000e-01
   2.7628000e-01   4.2118000e-01   8.9123000e-01
   2.7667000e-01   4.3134000e-01   9.0254000e-01
   2.7691000e-01   4.4145000e-01   9.1328000e-01
   2.7701000e-01   4.5152000e-01   9.2347000e-01
   2.7698000e-01   4.6153000e-01   9.3309000e-01
   2.7680000e-01   4.7151000e-01   9.4214000e-01
   2.7648000e-01   4.8144000e-01   9.5064000e-01
   2.7603000e-01   4.9132000e-01   9.5857000e-01
   2.7543000e-01   5.0115000e-01   9.6594000e-01
   2.7469000e-01   5.1094000e-01   9.7275000e-01
   2.7381000e-01   5.2069000e-01   9.7899000e-01
   2.7273000e-01   5.3040000e-01   9.8461000e-01
   2.7106000e-01   5.4015000e-01   9.8930000e-01
   2.6878000e-01   5.4995000e-01   9.9303000e-01
   2.6592000e-01   5.5979000e-01   9.9583000e-01
   2.6252000e-01   5.6967000e-01   9.9773000e-01
   2.5862000e-01   5.7958000e-01   9.9876000e-01
   2.5425000e-01   5.8950000e-01   9.9896000e-01
   2.4946000e-01   5.9943000e-01   9.9835000e-01
   2.4427000e-01   6.0937000e-01   9.9697000e-01
   2.3874000e-01   6.1931000e-01   9.9485000e-01
   2.3288000e-01   6.2923000e-01   9.9202000e-01
   2.2676000e-01   6.3913000e-01   9.8851000e-01
   2.2039000e-01   6.4901000e-01   9.8436000e-01
   2.1382000e-01   6.5886000e-01   9.7959000e-01
   2.0708000e-01   6.6866000e-01   9.7423000e-01
   2.0021000e-01   6.7842000e-01   9.6833000e-01
   1.9326000e-01   6.8812000e-01   9.6190000e-01
   1.8625000e-01   6.9775000e-01   9.5498000e-01
   1.7923000e-01   7.0732000e-01   9.4761000e-01
   1.7223000e-01   7.1680000e-01   9.3981000e-01
   1.6529000e-01   7.2620000e-01   9.3161000e-01
   1.5844000e-01   7.3551000e-01   9.2305000e-01
   1.5173000e-01   7.4472000e-01   9.1416000e-01
   1.4519000e-01   7.5381000e-01   9.0496000e-01
   1.3886000e-01   7.6279000e-01   8.9550000e-01
   1.3278000e-01   7.7165000e-01   8.8580000e-01
   1.2698000e-01   7.8037000e-01   8.7590000e-01
   1.2151000e-01   7.8896000e-01   8.6581000e-01
   1.1639000e-01   7.9740000e-01   8.5559000e-01
   1.1167000e-01   8.0569000e-01   8.4525000e-01
   1.0738000e-01   8.1381000e-01   8.3484000e-01
   1.0357000e-01   8.2177000e-01   8.2437000e-01
   1.0026000e-01   8.2955000e-01   8.1389000e-01
   9.7500000e-02   8.3714000e-01   8.0342000e-01
   9.5320000e-02   8.4455000e-01   7.9299000e-01
   9.3770000e-02   8.5175000e-01   7.8264000e-01
   9.2870000e-02   8.5875000e-01   7.7240000e-01
   9.2670000e-02   8.6554000e-01   7.6230000e-01
   9.3200000e-02   8.7211000e-01   7.5237000e-01
   9.4510000e-02   8.7844000e-01   7.4265000e-01
   9.6620000e-02   8.8454000e-01   7.3316000e-01
   9.9580000e-02   8.9040000e-01   7.2393000e-01
   1.0342000e-01   8.9600000e-01   7.1500000e-01
   1.0815000e-01   9.0142000e-01   7.0599000e-01
   1.1374000e-01   9.0673000e-01   6.9651000e-01
   1.2014000e-01   9.1193000e-01   6.8660000e-01
   1.2733000e-01   9.1701000e-01   6.7627000e-01
   1.3526000e-01   9.2197000e-01   6.6556000e-01
   1.4391000e-01   9.2680000e-01   6.5448000e-01
   1.5323000e-01   9.3151000e-01   6.4308000e-01
   1.6319000e-01   9.3609000e-01   6.3137000e-01
   1.7377000e-01   9.4053000e-01   6.1938000e-01
   1.8491000e-01   9.4484000e-01   6.0713000e-01
   1.9659000e-01   9.4901000e-01   5.9466000e-01
   2.0877000e-01   9.5304000e-01   5.8199000e-01
   2.2142000e-01   9.5692000e-01   5.6914000e-01
   2.3449000e-01   9.6065000e-01   5.5614000e-01
   2.4797000e-01   9.6423000e-01   5.4303000e-01
   2.6180000e-01   9.6765000e-01   5.2981000e-01
   2.7597000e-01   9.7092000e-01   5.1653000e-01
   2.9042000e-01   9.7403000e-01   5.0321000e-01
   3.0513000e-01   9.7697000e-01   4.8987000e-01
   3.2006000e-01   9.7974000e-01   4.7654000e-01
   3.3517000e-01   9.8234000e-01   4.6325000e-01
   3.5043000e-01   9.8477000e-01   4.5002000e-01
   3.6581000e-01   9.8702000e-01   4.3688000e-01
   3.8127000e-01   9.8909000e-01   4.2386000e-01
   3.9678000e-01   9.9098000e-01   4.1098000e-01
   4.1229000e-01   9.9268000e-01   3.9826000e-01
   4.2778000e-01   9.9419000e-01   3.8575000e-01
   4.4321000e-01   9.9551000e-01   3.7345000e-01
   4.5854000e-01   9.9663000e-01   3.6140000e-01
   4.7375000e-01   9.9755000e-01   3.4963000e-01
   4.8879000e-01   9.9828000e-01   3.3816000e-01
   5.0362000e-01   9.9879000e-01   3.2701000e-01
   5.1822000e-01   9.9910000e-01   3.1622000e-01
   5.3255000e-01   9.9919000e-01   3.0581000e-01
   5.4658000e-01   9.9907000e-01   2.9581000e-01
   5.6026000e-01   9.9873000e-01   2.8623000e-01
   5.7357000e-01   9.9817000e-01   2.7712000e-01
   5.8646000e-01   9.9739000e-01   2.6849000e-01
   5.9891000e-01   9.9638000e-01   2.6038000e-01
   6.1088000e-01   9.9514000e-01   2.5280000e-01
   6.2233000e-01   9.9366000e-01   2.4579000e-01
   6.3323000e-01   9.9195000e-01   2.3937000e-01
   6.4362000e-01   9.8999000e-01   2.3356000e-01
   6.5394000e-01   9.8775000e-01   2.2835000e-01
   6.6428000e-01   9.8524000e-01   2.2370000e-01
   6.7462000e-01   9.8246000e-01   2.1960000e-01
   6.8494000e-01   9.7941000e-01   2.1602000e-01
   6.9525000e-01   9.7610000e-01   2.1294000e-01
   7.0553000e-01   9.7255000e-01   2.1032000e-01
   7.1577000e-01   9.6875000e-01   2.0815000e-01
   7.2596000e-01   9.6470000e-01   2.0640000e-01
   7.3610000e-01   9.6043000e-01   2.0504000e-01
   7.4617000e-01   9.5593000e-01   2.0406000e-01
   7.5617000e-01   9.5121000e-01   2.0343000e-01
   7.6608000e-01   9.4627000e-01   2.0311000e-01
   7.7591000e-01   9.4113000e-01   2.0310000e-01
   7.8563000e-01   9.3579000e-01   2.0336000e-01
   7.9524000e-01   9.3025000e-01   2.0386000e-01
   8.0473000e-01   9.2452000e-01   2.0459000e-01
   8.1410000e-01   9.1861000e-01   2.0552000e-01
   8.2333000e-01   9.1253000e-01   2.0663000e-01
   8.3241000e-01   9.0627000e-01   2.0788000e-01
   8.4133000e-01   8.9986000e-01   2.0926000e-01
   8.5010000e-01   8.9328000e-01   2.1074000e-01
   8.5868000e-01   8.8655000e-01   2.1230000e-01
   8.6709000e-01   8.7968000e-01   2.1391000e-01
   8.7530000e-01   8.7267000e-01   2.1555000e-01
   8.8331000e-01   8.6553000e-01   2.1719000e-01
   8.9112000e-01   8.5826000e-01   2.1880000e-01
   8.9870000e-01   8.5087000e-01   2.2038000e-01
   9.0605000e-01   8.4337000e-01   2.2188000e-01
   9.1317000e-01   8.3576000e-01   2.2328000e-01
   9.2004000e-01   8.2806000e-01   2.2456000e-01
   9.2666000e-01   8.2025000e-01   2.2570000e-01
   9.3301000e-01   8.1236000e-01   2.2667000e-01
   9.3909000e-01   8.0439000e-01   2.2744000e-01
   9.4489000e-01   7.9634000e-01   2.2800000e-01
   9.5039000e-01   7.8823000e-01   2.2831000e-01
   9.5560000e-01   7.8005000e-01   2.2836000e-01
   9.6049000e-01   7.7181000e-01   2.2811000e-01
   9.6507000e-01   7.6352000e-01   2.2754000e-01
   9.6931000e-01   7.5519000e-01   2.2663000e-01
   9.7323000e-01   7.4682000e-01   2.2536000e-01
   9.7679000e-01   7.3842000e-01   2.2369000e-01
   9.8000000e-01   7.3000000e-01   2.2161000e-01
   9.8289000e-01   7.2140000e-01   2.1918000e-01
   9.8549000e-01   7.1250000e-01   2.1650000e-01
   9.8781000e-01   7.0330000e-01   2.1358000e-01
   9.8986000e-01   6.9382000e-01   2.1043000e-01
   9.9163000e-01   6.8408000e-01   2.0706000e-01
   9.9314000e-01   6.7408000e-01   2.0348000e-01
   9.9438000e-01   6.6386000e-01   1.9971000e-01
   9.9535000e-01   6.5341000e-01   1.9577000e-01
   9.9607000e-01   6.4277000e-01   1.9165000e-01
   9.9654000e-01   6.3193000e-01   1.8738000e-01
   9.9675000e-01   6.2093000e-01   1.8297000e-01
   9.9672000e-01   6.0977000e-01   1.7842000e-01
   9.9644000e-01   5.9846000e-01   1.7376000e-01
   9.9593000e-01   5.8703000e-01   1.6899000e-01
   9.9517000e-01   5.7549000e-01   1.6412000e-01
   9.9419000e-01   5.6386000e-01   1.5918000e-01
   9.9297000e-01   5.5214000e-01   1.5417000e-01
   9.9153000e-01   5.4036000e-01   1.4910000e-01
   9.8987000e-01   5.2854000e-01   1.4398000e-01
   9.8799000e-01   5.1667000e-01   1.3883000e-01
   9.8590000e-01   5.0479000e-01   1.3367000e-01
   9.8360000e-01   4.9291000e-01   1.2849000e-01
   9.8108000e-01   4.8104000e-01   1.2332000e-01
   9.7837000e-01   4.6920000e-01   1.1817000e-01
   9.7545000e-01   4.5740000e-01   1.1305000e-01
   9.7234000e-01   4.4565000e-01   1.0797000e-01
   9.6904000e-01   4.3399000e-01   1.0294000e-01
   9.6555000e-01   4.2241000e-01   9.7980000e-02
   9.6187000e-01   4.1093000e-01   9.3100000e-02
   9.5801000e-01   3.9958000e-01   8.8310000e-02
   9.5398000e-01   3.8836000e-01   8.3620000e-02
   9.4977000e-01   3.7729000e-01   7.9050000e-02
   9.4538000e-01   3.6638000e-01   7.4610000e-02
   9.4084000e-01   3.5566000e-01   7.0310000e-02
   9.3612000e-01   3.4513000e-01   6.6160000e-02
   9.3125000e-01   3.3482000e-01   6.2180000e-02
   9.2623000e-01   3.2473000e-01   5.8370000e-02
   9.2105000e-01   3.1489000e-01   5.4750000e-02
   9.1572000e-01   3.0530000e-01   5.1340000e-02
   9.1024000e-01   2.9599000e-01   4.8140000e-02
   9.0463000e-01   2.8696000e-01   4.5160000e-02
   8.9888000e-01   2.7824000e-01   4.2430000e-02
   8.9298000e-01   2.6981000e-01   3.9930000e-02
   8.8691000e-01   2.6152000e-01   3.7530000e-02
   8.8066000e-01   2.5334000e-01   3.5210000e-02
   8.7422000e-01   2.4526000e-01   3.2970000e-02
   8.6760000e-01   2.3730000e-01   3.0820000e-02
   8.6079000e-01   2.2945000e-01   2.8750000e-02
   8.5380000e-01   2.2170000e-01   2.6770000e-02
   8.4662000e-01   2.1407000e-01   2.4870000e-02
   8.3926000e-01   2.0654000e-01   2.3050000e-02
   8.3172000e-01   1.9912000e-01   2.1310000e-02
   8.2399000e-01   1.9182000e-01   1.9660000e-02
   8.1608000e-01   1.8462000e-01   1.8090000e-02
   8.0799000e-01   1.7753000e-01   1.6600000e-02
   7.9971000e-01   1.7055000e-01   1.5200000e-02
   7.9125000e-01   1.6368000e-01   1.3870000e-02
   7.8260000e-01   1.5693000e-01   1.2640000e-02
   7.7377000e-01   1.5028000e-01   1.1480000e-02
   7.6476000e-01   1.4374000e-01   1.0410000e-02
   7.5556000e-01   1.3731000e-01   9.4200000e-03
   7.4617000e-01   1.3098000e-01   8.5100000e-03
   7.3661000e-01   1.2477000e-01   7.6900000e-03
   7.2686000e-01   1.1867000e-01   6.9500000e-03
   7.1692000e-01   1.1268000e-01   6.2900000e-03
   7.0680000e-01   1.0680000e-01   5.7100000e-03
   6.9650000e-01   1.0102000e-01   5.2200000e-03
   6.8602000e-01   9.5360000e-02   4.8100000e-03
   6.7535000e-01   8.9800000e-02   4.4900000e-03
   6.6449000e-01   8.4360000e-02   4.2400000e-03
   6.5345000e-01   7.9020000e-02   4.0800000e-03
   6.4223000e-01   7.3800000e-02   4.0100000e-03
   6.3082000e-01   6.8680000e-02   4.0100000e-03
   6.1923000e-01   6.3670000e-02   4.1000000e-03
   6.0746000e-01   5.8780000e-02   4.2700000e-03
   5.9550000e-01   5.3990000e-02   4.5300000e-03
   5.8336000e-01   4.9310000e-02   4.8600000e-03
   5.7103000e-01   4.4740000e-02   5.2900000e-03
   5.5852000e-01   4.0280000e-02   5.7900000e-03
   5.4583000e-01   3.5930000e-02   6.3800000e-03
   5.3295000e-01   3.1690000e-02   7.0500000e-03
   5.1989000e-01   2.7560000e-02   7.8000000e-03
   5.0664000e-01   2.3540000e-02   8.6300000e-03
   4.9321000e-01   1.9630000e-02   9.5500000e-03
   4.7960000e-01   1.5830000e-02   1.0550000e-02
