   8.8575016e-01   8.5000925e-01   8.8797365e-01
   8.8172231e-01   8.5127594e-01   8.8638057e-01
   8.7724881e-01   8.5187028e-01   8.8434120e-01
   8.7233134e-01   8.5180165e-01   8.8189704e-01
   8.6696016e-01   8.5108961e-01   8.7909767e-01
   8.6110245e-01   8.4976755e-01   8.7599243e-01
   8.5472593e-01   8.4787488e-01   8.7262830e-01
   8.4780711e-01   8.4545462e-01   8.6904037e-01
   8.4030421e-01   8.4256060e-01   8.6525088e-01
   8.3222706e-01   8.3923491e-01   8.6127564e-01
   8.2357430e-01   8.3552488e-01   8.5713191e-01
   8.1438982e-01   8.3146559e-01   8.5283759e-01
   8.0469164e-01   8.2709839e-01   8.4842449e-01
   7.9454305e-01   8.2245116e-01   8.4392185e-01
   7.8399101e-01   8.1755426e-01   8.3936747e-01
   7.7308417e-01   8.1243525e-01   8.3480173e-01
   7.6186908e-01   8.0711949e-01   8.3026649e-01
   7.5040347e-01   8.0162699e-01   8.2579738e-01
   7.3873772e-01   7.9597666e-01   8.2142923e-01
   7.2692178e-01   7.9018469e-01   8.1719217e-01
   7.1500403e-01   7.8426487e-01   8.1311117e-01
   7.0302977e-01   7.7822905e-01   8.0920619e-01
   6.9104641e-01   7.7208629e-01   8.0548842e-01
   6.7909554e-01   7.6584472e-01   8.0196466e-01
   6.6721480e-01   7.5951128e-01   7.9863675e-01
   6.5543692e-01   7.5309209e-01   7.9550271e-01
   6.4379108e-01   7.4659238e-01   7.9255653e-01
   6.3230271e-01   7.4001672e-01   7.8978893e-01
   6.2099193e-01   7.3336935e-01   7.8718995e-01
   6.0987543e-01   7.2665399e-01   7.8474836e-01
   5.9896658e-01   7.1987395e-01   7.8245260e-01
   5.8827580e-01   7.1303215e-01   7.8029141e-01
   5.7781164e-01   7.0613106e-01   7.7825345e-01
   5.7266689e-01   7.0265895e-01   7.7727703e-01
   5.5758940e-01   6.9215911e-01   7.7450413e-01
   5.4784098e-01   6.8509142e-01   7.7277386e-01
   5.3834016e-01   6.7797081e-01   7.7112734e-01
   5.3368389e-01   6.7439094e-01   7.7033251e-01
   5.2009627e-01   6.6357391e-01   7.6805119e-01
   5.1135993e-01   6.5629854e-01   7.6660664e-01
   5.0288535e-01   6.4897217e-01   7.6521447e-01
   4.9874734e-01   6.4528987e-01   7.6453579e-01
   4.8673596e-01   6.3416646e-01   7.6255780e-01
   4.7906816e-01   6.2668676e-01   7.6128000e-01
   4.7167630e-01   6.1915543e-01   7.6002709e-01
   4.6808491e-01   6.1537029e-01   7.5940790e-01
   4.5773377e-01   6.0393630e-01   7.5756937e-01
   4.5118919e-01   5.9624762e-01   7.5635121e-01
   4.4493247e-01   5.8850560e-01   7.5513110e-01
   4.4191272e-01   5.8461441e-01   7.5451839e-01
   4.3329009e-01   5.7285942e-01   7.5265947e-01
   4.2790652e-01   5.6495431e-01   7.5139444e-01
   4.2281486e-01   5.5699392e-01   7.5010087e-01
   4.2037822e-01   5.5299287e-01   7.4944126e-01
   4.1350246e-01   5.4090575e-01   7.4740073e-01
   4.0927689e-01   5.3277730e-01   7.4598031e-01
   4.0533344e-01   5.2459228e-01   7.4450366e-01
   4.0346600e-01   5.2047848e-01   7.4374215e-01
   3.9827192e-01   5.0805167e-01   7.4135451e-01
   3.9514059e-01   4.9969585e-01   7.3966820e-01
   3.9226495e-01   4.9128300e-01   7.3789825e-01
   3.9092018e-01   4.8705520e-01   7.3697977e-01
   3.8724301e-01   4.7428646e-01   7.3408017e-01
   3.8507557e-01   4.6570307e-01   7.3201854e-01
   3.8312168e-01   4.5706324e-01   7.2984627e-01
   3.8136888e-01   4.4836728e-01   7.2755671e-01
   3.8056381e-01   4.4399837e-01   7.2636587e-01
   3.7841364e-01   4.3080859e-01   7.2259932e-01
   3.7718372e-01   4.2194680e-01   7.1991842e-01
   3.7610001e-01   4.1303080e-01   7.1709397e-01
   3.7514803e-01   4.0406126e-01   7.1411937e-01
   3.7431313e-01   3.9503895e-01   7.1098797e-01
   3.7358062e-01   3.8596474e-01   7.0769298e-01
   3.7293579e-01   3.7683964e-01   7.0422756e-01
   3.7264167e-01   3.7225835e-01   7.0242873e-01
   3.7185062e-01   3.5844148e-01   6.9675696e-01
   3.7138124e-01   3.4917127e-01   6.9273703e-01
   3.7094152e-01   3.3985591e-01   6.8851703e-01
   3.7051739e-01   3.3049741e-01   6.8408889e-01
   3.7009487e-01   3.2109814e-01   6.7944405e-01
   3.6965988e-01   3.1166099e-01   6.7457345e-01
   3.6919848e-01   3.0218932e-01   6.6946754e-01
   3.6895355e-01   2.9744175e-01   6.6682322e-01
   3.6814101e-01   2.8315901e-01   6.5850889e-01
   3.6751707e-01   2.7361063e-01   6.5263412e-01
   3.6681086e-01   2.6404858e-01   6.4647992e-01
   3.6600854e-01   2.5448044e-01   6.4003362e-01
   3.6509580e-01   2.4491537e-01   6.3328174e-01
   3.6405693e-01   2.3536470e-01   6.2621013e-01
   3.6287644e-01   2.2584149e-01   6.1880417e-01
   3.6222810e-01   2.2109488e-01   6.1497112e-01
   3.6002682e-01   2.0694123e-01   6.0292845e-01
   3.5832490e-01   1.9760294e-01   5.9442769e-01
   3.5641381e-01   1.8837120e-01   5.8553208e-01
   3.5427535e-01   1.7927413e-01   5.7622810e-01
   3.5189249e-01   1.7034320e-01   5.6650285e-01
   3.4924514e-01   1.6161478e-01   5.5634837e-01
   3.4631507e-01   1.5312802e-01   5.4575999e-01
   3.4473902e-01   1.4898821e-01   5.4030246e-01
   3.3954169e-01   1.3704802e-01   5.2328798e-01
   3.3566979e-01   1.2954074e-01   5.1142807e-01
   3.3146155e-01   1.2244245e-01   4.9918275e-01
   3.2691371e-01   1.1578735e-01   4.8658646e-01
   3.2202882e-01   1.0960114e-01   4.7368495e-01
   3.1681648e-01   1.0389861e-01   4.6053415e-01
   3.1129434e-01   9.8684772e-02   4.4719314e-01
   3.0842444e-01   9.6259385e-02   4.4047195e-01
   2.9942484e-01   8.9682254e-02   4.2021620e-01
   2.9314593e-01   8.5850657e-02   4.0672178e-01
   2.8669151e-01   8.2429874e-02   3.9331183e-01
   2.8010639e-01   7.9389995e-02   3.8005029e-01
   2.7343739e-01   7.6702800e-02   3.6699616e-01
   2.6673233e-01   7.4344018e-02   3.5420276e-01
   2.6003895e-01   7.2294781e-02   3.4171757e-01
   2.5671192e-01   7.1380106e-02   3.3560649e-01
   2.4688226e-01   6.9053639e-02   3.1786994e-01
   2.4050813e-01   6.7857104e-02   3.0657054e-01
   2.3433056e-01   6.6935600e-02   2.9574010e-01
   2.2839177e-01   6.6289979e-02   2.8541074e-01
   2.2272707e-01   6.5933791e-02   2.7559715e-01
   2.1737845e-01   6.5859661e-02   2.6634209e-01
   2.1237411e-01   6.6085025e-02   2.5765165e-01
   2.1001214e-01   6.6308574e-02   2.5352890e-01
   2.0352008e-01   6.7444180e-02   2.4205577e-01
   1.9971571e-01   6.8592711e-02   2.3517094e-01
   1.9608260e-01   7.0321227e-02   2.2874673e-01
   1.9199449e-01   7.3182831e-02   2.2243385e-01
   1.8739228e-01   7.7102097e-02   2.1618875e-01
   1.8774482e-01   7.7251588e-02   2.1387449e-01
   1.9315486e-01   7.3606819e-02   2.1542363e-01
   1.9819344e-01   7.0974625e-02   2.1690975e-01
   2.0290365e-01   6.9435249e-02   2.1833168e-01
   2.0531725e-01   6.8919592e-02   2.1911517e-01
   2.1333139e-01   6.7830148e-02   2.2207043e-01
   2.1930504e-01   6.7465786e-02   2.2451024e-01
   2.2575397e-01   6.7382132e-02   2.2728985e-01
   2.3266300e-01   6.7557104e-02   2.3037617e-01
   2.3999586e-01   6.7985030e-02   2.3373434e-01
   2.4772093e-01   6.8653338e-02   2.3732880e-01
   2.5582136e-01   6.9532310e-02   2.4112190e-01
   2.6425512e-01   7.0616596e-02   2.4507759e-01
   2.7299702e-01   7.1883555e-02   2.4915847e-01
   2.8201746e-01   7.3315693e-02   2.5332800e-01
   2.9128515e-01   7.4899050e-02   2.5755102e-01
   3.0077277e-01   7.6617824e-02   2.6179294e-01
   3.1045521e-01   7.8456872e-02   2.6602006e-01
   3.2029987e-01   8.0412995e-02   2.7020323e-01
   3.3029174e-01   8.2467634e-02   2.7430929e-01
   3.3533353e-01   8.3532434e-02   2.7632534e-01
   3.5060678e-01   8.6875552e-02   2.8218771e-01
   3.6088752e-01   8.9227194e-02   2.8591050e-01
   3.7122508e-01   9.1679997e-02   2.8945865e-01
   3.8160247e-01   9.4238731e-02   2.9281108e-01
   3.9199888e-01   9.6915837e-02   2.9595212e-01
   4.0239692e-01   9.9722930e-02   2.9886674e-01
   4.1277986e-01   1.0267340e-01   3.0154226e-01
   4.2313214e-01   1.0578121e-01   3.0396758e-01
   4.3343558e-01   1.0906423e-01   3.0613768e-01
   4.4367359e-01   1.1253912e-01   3.0804973e-01
   4.5383005e-01   1.1622184e-01   3.0970441e-01
   4.6389103e-01   1.2012561e-01   3.1110343e-01
   4.7384144e-01   1.2426354e-01   3.1225470e-01
   4.8366629e-01   1.2864679e-01   3.1317189e-01
   4.9335504e-01   1.3328092e-01   3.1386562e-01
   4.9814435e-01   1.3569380e-01   3.1413519e-01
   5.1227835e-01   1.4331656e-01   3.1466309e-01
   5.2149653e-01   1.4871545e-01   3.1480768e-01
   5.3054420e-01   1.5436184e-01   3.1481300e-01
   5.3941737e-01   1.6024769e-01   3.1470295e-01
   5.4811370e-01   1.6636309e-01   3.1450103e-01
   5.5663229e-01   1.7269677e-01   3.1423043e-01
   5.6497344e-01   1.7923665e-01   3.1391360e-01
   5.7313846e-01   1.8597036e-01   3.1357127e-01
   5.8112933e-01   1.9288549e-01   3.1322399e-01
   5.8894862e-01   1.9997021e-01   3.1288922e-01
   5.9659918e-01   2.0721296e-01   3.1258523e-01
   6.0408402e-01   2.1460331e-01   3.1232653e-01
   6.1140621e-01   2.2213125e-01   3.1212881e-01
   6.1856865e-01   2.2978799e-01   3.1200464e-01
   6.2557417e-01   2.3756535e-01   3.1196698e-01
   6.2901892e-01   2.4149689e-01   3.1198447e-01
   6.3912434e-01   2.5345365e-01   3.1219690e-01
   6.4567349e-01   2.6155203e-01   3.1248674e-01
   6.5207417e-01   2.6974651e-01   3.1290561e-01
   6.5832808e-01   2.7803211e-01   3.1346434e-01
   6.6443632e-01   2.8640484e-01   3.1417223e-01
   6.7039960e-01   2.9486126e-01   3.1503814e-01
   6.7621898e-01   3.0339763e-01   3.1607249e-01
   6.8189457e-01   3.1201133e-01   3.1728380e-01
   6.8742656e-01   3.2069971e-01   3.1868138e-01
   6.9281545e-01   3.2945985e-01   3.2027543e-01
   6.9806082e-01   3.3828976e-01   3.2207479e-01
   7.0316249e-01   3.4718724e-01   3.2408914e-01
   7.0812060e-01   3.5614986e-01   3.2632862e-01
   7.1293467e-01   3.6517571e-01   3.2880274e-01
   7.1760445e-01   3.7426273e-01   3.3152139e-01
   7.1988521e-01   3.7882849e-01   3.3297555e-01
   7.2651123e-01   3.9261131e-01   3.3773259e-01
   7.3074821e-01   4.0186853e-01   3.4124495e-01
   7.3484134e-01   4.1117787e-01   3.4504169e-01
   7.3879140e-01   4.2053673e-01   3.4913260e-01
   7.4259922e-01   4.2994254e-01   3.5352709e-01
   7.4626616e-01   4.3939245e-01   3.5823439e-01
   7.4979421e-01   4.4888333e-01   3.6326338e-01
   7.5318566e-01   4.5841199e-01   3.6862237e-01
   7.5644342e-01   4.6797501e-01   3.7431909e-01
   7.5957111e-01   4.7756871e-01   3.8036066e-01
   7.6257334e-01   4.8718907e-01   3.8675335e-01
   7.6545493e-01   4.9683213e-01   3.9350254e-01
   7.6822177e-01   5.0649362e-01   4.0061257e-01
   7.7088092e-01   5.1616893e-01   4.0808668e-01
   7.7344022e-01   5.2585332e-01   4.1592680e-01
   7.7468495e-01   5.3069749e-01   4.1998440e-01
   7.7829346e-01   5.4523059e-01   4.3270665e-01
   7.8060775e-01   5.5491336e-01   4.4164332e-01
   7.8286225e-01   5.6458533e-01   4.5093986e-01
   7.8506845e-01   5.7424170e-01   4.6059116e-01
   7.8723904e-01   5.8387744e-01   4.7059040e-01
   7.8938738e-01   5.9348754e-01   4.8092914e-01
   7.9152833e-01   6.0306671e-01   4.9159667e-01
   7.9367560e-01   6.1261029e-01   5.0258161e-01
   7.9584292e-01   6.2211379e-01   5.1387124e-01
   7.9804448e-01   6.3157258e-01   5.2545108e-01
   8.0029415e-01   6.4098213e-01   5.3730535e-01
   8.0260531e-01   6.5033794e-01   5.4941692e-01
   8.0499055e-01   6.5963545e-01   5.6176745e-01
   8.0746140e-01   6.6887001e-01   5.7433746e-01
   8.1002809e-01   6.7803673e-01   5.8710627e-01
   8.1135014e-01   6.8259302e-01   5.9355849e-01
   8.1548147e-01   6.9614506e-01   6.1315221e-01
   8.1837931e-01   7.0507438e-01   6.2638245e-01
   8.2139472e-01   7.1391091e-01   6.3971767e-01
   8.2452681e-01   7.2264614e-01   6.5313138e-01
   8.2777161e-01   7.3127023e-01   6.6659570e-01
   8.3112164e-01   7.3977185e-01   6.8008125e-01
   8.3456569e-01   7.4813795e-01   6.9355698e-01
   8.3809123e-01   7.5635315e-01   7.0698561e-01
   8.4167751e-01   7.6440101e-01   7.2033299e-01
   8.4529811e-01   7.7226339e-01   7.3356368e-01
   8.4892246e-01   7.7992021e-01   7.4663719e-01
   8.5251907e-01   7.8734936e-01   7.5949941e-01
   8.5604022e-01   7.9452964e-01   7.7210610e-01
   8.5943464e-01   8.0143923e-01   7.8439789e-01
   8.6265601e-01   8.0805524e-01   7.9628267e-01
   8.6418344e-01   8.1124644e-01   8.0204613e-01
   8.6839955e-01   8.2030876e-01   8.1841639e-01
   8.7093847e-01   8.2586858e-01   8.2838497e-01
   8.7335171e-01   8.3096715e-01   8.3748851e-01
   8.7571459e-01   8.3553023e-01   8.4575538e-01
   8.7802298e-01   8.3950166e-01   8.5330645e-01
   8.8019293e-01   8.4285225e-01   8.6027400e-01
   8.8211542e-01   8.4557007e-01   8.6673765e-01
   8.8369127e-01   8.4764892e-01   8.7274147e-01
   8.8485138e-01   8.4908426e-01   8.7828235e-01
   8.8554715e-01   8.4987174e-01   8.8336206e-01
   8.8571155e-01   8.5002186e-01   8.8572539e-01
