   2.6700400e-01   4.8740000e-03   3.2941500e-01
   2.6851000e-01   9.6050000e-03   3.3542700e-01
   2.6994400e-01   1.4625000e-02   3.4137900e-01
   2.7130500e-01   1.9942000e-02   3.4726900e-01
   2.7259400e-01   2.5563000e-02   3.5309300e-01
   2.7380900e-01   3.1497000e-02   3.5885300e-01
   2.7495200e-01   3.7752000e-02   3.6454300e-01
   2.7602200e-01   4.4167000e-02   3.7016400e-01
   2.7701800e-01   5.0344000e-02   3.7571500e-01
   2.7794100e-01   5.6324000e-02   3.8119100e-01
   2.7879100e-01   6.2145000e-02   3.8659200e-01
   2.7956600e-01   6.7836000e-02   3.9191700e-01
   2.8026700e-01   7.3417000e-02   3.9716300e-01
   2.8089400e-01   7.8907000e-02   4.0232900e-01
   2.8144600e-01   8.4320000e-02   4.0741400e-01
   2.8192400e-01   8.9666000e-02   4.1241500e-01
   2.8232700e-01   9.4955000e-02   4.1733100e-01
   2.8265600e-01   1.0019600e-01   4.2216000e-01
   2.8291000e-01   1.0539300e-01   4.2690200e-01
   2.8309100e-01   1.1055300e-01   4.3155400e-01
   2.8319700e-01   1.1568000e-01   4.3611500e-01
   2.8322900e-01   1.2077700e-01   4.4058400e-01
   2.8318700e-01   1.2584800e-01   4.4496000e-01
   2.8307200e-01   1.3089500e-01   4.4924100e-01
   2.8288400e-01   1.3592000e-01   4.5342700e-01
   2.8262300e-01   1.4092600e-01   4.5751700e-01
   2.8229000e-01   1.4591200e-01   4.6151000e-01
   2.8188700e-01   1.5088100e-01   4.6540500e-01
   2.8141200e-01   1.5583400e-01   4.6920100e-01
   2.8086800e-01   1.6077100e-01   4.7289900e-01
   2.8025500e-01   1.6569300e-01   4.7649800e-01
   2.7957400e-01   1.7059900e-01   4.7999700e-01
   2.7882600e-01   1.7549000e-01   4.8339700e-01
   2.7801200e-01   1.8036700e-01   4.8669700e-01
   2.7713400e-01   1.8522800e-01   4.8989800e-01
   2.7619400e-01   1.9007400e-01   4.9300100e-01
   2.7519100e-01   1.9490500e-01   4.9600500e-01
   2.7412800e-01   1.9972100e-01   4.9891100e-01
   2.7300600e-01   2.0452000e-01   5.0172100e-01
   2.7182800e-01   2.0930300e-01   5.0443400e-01
   2.7059500e-01   2.1406900e-01   5.0705200e-01
   2.6930800e-01   2.1881800e-01   5.0957700e-01
   2.6796800e-01   2.2354900e-01   5.1200800e-01
   2.6658000e-01   2.2826200e-01   5.1434900e-01
   2.6514500e-01   2.3295600e-01   5.1659900e-01
   2.6366300e-01   2.3763100e-01   5.1876200e-01
   2.6213800e-01   2.4228600e-01   5.2083700e-01
   2.6057100e-01   2.4692200e-01   5.2282800e-01
   2.5896500e-01   2.5153700e-01   5.2473600e-01
   2.5732200e-01   2.5613000e-01   5.2656300e-01
   2.5564500e-01   2.6070300e-01   5.2831200e-01
   2.5393500e-01   2.6525400e-01   5.2998300e-01
   2.5219400e-01   2.6978300e-01   5.3157900e-01
   2.5042500e-01   2.7429000e-01   5.3310300e-01
   2.4862900e-01   2.7877500e-01   5.3455600e-01
   2.4681100e-01   2.8323700e-01   5.3594100e-01
   2.4497200e-01   2.8767500e-01   5.3726000e-01
   2.4311300e-01   2.9209200e-01   5.3851600e-01
   2.4123700e-01   2.9648500e-01   5.3970900e-01
   2.3934600e-01   3.0085500e-01   5.4084400e-01
   2.3744100e-01   3.0520200e-01   5.4192100e-01
   2.3552600e-01   3.0952700e-01   5.4294400e-01
   2.3360300e-01   3.1382800e-01   5.4391400e-01
   2.3167400e-01   3.1810600e-01   5.4483400e-01
   2.2973900e-01   3.2236100e-01   5.4570600e-01
   2.2780200e-01   3.2659400e-01   5.4653200e-01
   2.2586300e-01   3.3080500e-01   5.4731400e-01
   2.2392500e-01   3.3499400e-01   5.4805300e-01
   2.2198900e-01   3.3916100e-01   5.4875200e-01
   2.2005700e-01   3.4330700e-01   5.4941300e-01
   2.1813000e-01   3.4743200e-01   5.5003800e-01
   2.1621000e-01   3.5153500e-01   5.5062700e-01
   2.1429800e-01   3.5561900e-01   5.5118400e-01
   2.1239500e-01   3.5968300e-01   5.5171000e-01
   2.1050300e-01   3.6372700e-01   5.5220600e-01
   2.0862300e-01   3.6775200e-01   5.5267500e-01
   2.0675600e-01   3.7175800e-01   5.5311700e-01
   2.0490300e-01   3.7574600e-01   5.5353300e-01
   2.0306300e-01   3.7971600e-01   5.5392500e-01
   2.0123900e-01   3.8367000e-01   5.5429400e-01
   1.9943000e-01   3.8760700e-01   5.5464200e-01
   1.9763600e-01   3.9152800e-01   5.5496900e-01
   1.9586000e-01   3.9543300e-01   5.5527600e-01
   1.9410000e-01   3.9932300e-01   5.5556500e-01
   1.9235700e-01   4.0319900e-01   5.5583600e-01
   1.9063100e-01   4.0706100e-01   5.5608900e-01
   1.8892300e-01   4.1091000e-01   5.5632600e-01
   1.8723100e-01   4.1474600e-01   5.5654700e-01
   1.8555600e-01   4.1857000e-01   5.5675300e-01
   1.8389800e-01   4.2238300e-01   5.5694400e-01
   1.8225600e-01   4.2618400e-01   5.5712000e-01
   1.8062900e-01   4.2997500e-01   5.5728200e-01
   1.7901900e-01   4.3375600e-01   5.5743000e-01
   1.7742300e-01   4.3752700e-01   5.5756500e-01
   1.7584100e-01   4.4129000e-01   5.5768500e-01
   1.7427400e-01   4.4504400e-01   5.5779200e-01
   1.7271900e-01   4.4879100e-01   5.5788500e-01
   1.7117600e-01   4.5253000e-01   5.5796500e-01
   1.6964600e-01   4.5626200e-01   5.5803000e-01
   1.6812600e-01   4.5998800e-01   5.5808200e-01
   1.6661700e-01   4.6370800e-01   5.5811900e-01
   1.6511700e-01   4.6742300e-01   5.5814100e-01
   1.6362500e-01   4.7113300e-01   5.5814800e-01
   1.6214200e-01   4.7483800e-01   5.5814000e-01
   1.6066500e-01   4.7854000e-01   5.5811500e-01
   1.5919400e-01   4.8223700e-01   5.5807300e-01
   1.5772900e-01   4.8593200e-01   5.5801300e-01
   1.5627000e-01   4.8962400e-01   5.5793600e-01
   1.5481500e-01   4.9331300e-01   5.5784000e-01
   1.5336400e-01   4.9700000e-01   5.5772400e-01
   1.5191800e-01   5.0068500e-01   5.5758700e-01
   1.5047600e-01   5.0436900e-01   5.5743000e-01
   1.4903900e-01   5.0805100e-01   5.5725000e-01
   1.4760700e-01   5.1173300e-01   5.5704900e-01
   1.4618000e-01   5.1541300e-01   5.5682300e-01
   1.4475900e-01   5.1909300e-01   5.5657200e-01
   1.4334300e-01   5.2277300e-01   5.5629500e-01
   1.4193500e-01   5.2645300e-01   5.5599100e-01
   1.4053600e-01   5.3013200e-01   5.5565900e-01
   1.3914700e-01   5.3381200e-01   5.5529800e-01
   1.3777000e-01   5.3749200e-01   5.5490600e-01
   1.3640800e-01   5.4117300e-01   5.5448300e-01
   1.3506600e-01   5.4485300e-01   5.5402900e-01
   1.3374300e-01   5.4853500e-01   5.5354100e-01
   1.3244400e-01   5.5221600e-01   5.5301800e-01
   1.3117200e-01   5.5589900e-01   5.5245900e-01
   1.2993300e-01   5.5958200e-01   5.5186400e-01
   1.2872900e-01   5.6326500e-01   5.5122900e-01
   1.2756800e-01   5.6694900e-01   5.5055600e-01
   1.2645300e-01   5.7063300e-01   5.4984100e-01
   1.2539400e-01   5.7431800e-01   5.4908600e-01
   1.2439500e-01   5.7800200e-01   5.4828700e-01
   1.2346300e-01   5.8168700e-01   5.4744500e-01
   1.2260600e-01   5.8537100e-01   5.4655700e-01
   1.2183100e-01   5.8905500e-01   5.4562300e-01
   1.2114800e-01   5.9273900e-01   5.4464100e-01
   1.2056500e-01   5.9642200e-01   5.4361100e-01
   1.2009200e-01   6.0010400e-01   5.4253000e-01
   1.1973800e-01   6.0378500e-01   5.4140000e-01
   1.1951200e-01   6.0746400e-01   5.4021800e-01
   1.1942300e-01   6.1114100e-01   5.3898200e-01
   1.1948300e-01   6.1481700e-01   5.3769200e-01
   1.1969900e-01   6.1849000e-01   5.3634700e-01
   1.2008100e-01   6.2216100e-01   5.3494600e-01
   1.2063800e-01   6.2582800e-01   5.3348800e-01
   1.2138000e-01   6.2949200e-01   5.3197300e-01
   1.2231200e-01   6.3315300e-01   5.3039800e-01
   1.2344400e-01   6.3680900e-01   5.2876300e-01
   1.2478000e-01   6.4046100e-01   5.2706800e-01
   1.2632600e-01   6.4410700e-01   5.2531100e-01
   1.2808700e-01   6.4774900e-01   5.2349100e-01
   1.3006700e-01   6.5138400e-01   5.2160800e-01
   1.3226800e-01   6.5501400e-01   5.1966100e-01
   1.3469200e-01   6.5863600e-01   5.1764900e-01
   1.3733900e-01   6.6225200e-01   5.1557100e-01
   1.4021000e-01   6.6585900e-01   5.1342700e-01
   1.4330300e-01   6.6945900e-01   5.1121500e-01
   1.4661600e-01   6.7305000e-01   5.0893600e-01
   1.5014800e-01   6.7663100e-01   5.0658900e-01
   1.5389400e-01   6.8020300e-01   5.0417200e-01
   1.5785100e-01   6.8376500e-01   5.0168600e-01
   1.6201600e-01   6.8731600e-01   4.9912900e-01
   1.6638300e-01   6.9085600e-01   4.9650200e-01
   1.7094800e-01   6.9438400e-01   4.9380300e-01
   1.7570700e-01   6.9790000e-01   4.9103300e-01
   1.8065300e-01   7.0140200e-01   4.8818900e-01
   1.8578300e-01   7.0489100e-01   4.8527300e-01
   1.9109000e-01   7.0836600e-01   4.8228400e-01
   1.9657100e-01   7.1182700e-01   4.7922100e-01
   2.0221900e-01   7.1527200e-01   4.7608400e-01
   2.0803000e-01   7.1870100e-01   4.7287300e-01
   2.1400000e-01   7.2211400e-01   4.6958800e-01
   2.2012400e-01   7.2550900e-01   4.6622600e-01
   2.2639700e-01   7.2888800e-01   4.6278900e-01
   2.3281500e-01   7.3224700e-01   4.5927700e-01
   2.3937400e-01   7.3558800e-01   4.5568800e-01
   2.4607000e-01   7.3891000e-01   4.5202400e-01
   2.5289900e-01   7.4221100e-01   4.4828400e-01
   2.5985700e-01   7.4549200e-01   4.4446700e-01
   2.6694100e-01   7.4875100e-01   4.4057300e-01
   2.7414900e-01   7.5198800e-01   4.3660100e-01
   2.8147700e-01   7.5520300e-01   4.3255200e-01
   2.8892100e-01   7.5839400e-01   4.2842600e-01
   2.9647900e-01   7.6156100e-01   4.2422300e-01
   3.0414800e-01   7.6470400e-01   4.1994300e-01
   3.1192500e-01   7.6782200e-01   4.1558600e-01
   3.1980900e-01   7.7091400e-01   4.1115200e-01
   3.2779600e-01   7.7398000e-01   4.0664000e-01
   3.3588500e-01   7.7701800e-01   4.0204900e-01
   3.4407400e-01   7.8002900e-01   3.9738100e-01
   3.5236000e-01   7.8301100e-01   3.9263600e-01
   3.6074100e-01   7.8596400e-01   3.8781400e-01
   3.6921400e-01   7.8888800e-01   3.8291400e-01
   3.7777900e-01   7.9178100e-01   3.7793900e-01
   3.8643300e-01   7.9464400e-01   3.7288600e-01
   3.9517400e-01   7.9747500e-01   3.6775700e-01
   4.0400100e-01   8.0027500e-01   3.6255200e-01
   4.1291300e-01   8.0304100e-01   3.5726900e-01
   4.2190800e-01   8.0577400e-01   3.5191000e-01
   4.3098300e-01   8.0847300e-01   3.4647600e-01
   4.4013700e-01   8.1113800e-01   3.4096700e-01
   4.4936800e-01   8.1376800e-01   3.3538400e-01
   4.5867400e-01   8.1636300e-01   3.2972700e-01
   4.6805300e-01   8.1892100e-01   3.2399800e-01
   4.7750400e-01   8.2144400e-01   3.1819500e-01
   4.8702600e-01   8.2392900e-01   3.1232100e-01
   4.9661500e-01   8.2637600e-01   3.0637700e-01
   5.0627100e-01   8.2878600e-01   3.0036200e-01
   5.1599200e-01   8.3115800e-01   2.9427900e-01
   5.2577600e-01   8.3349100e-01   2.8812700e-01
   5.3562100e-01   8.3578500e-01   2.8190800e-01
   5.4552400e-01   8.3803900e-01   2.7562600e-01
   5.5548400e-01   8.4025400e-01   2.6928100e-01
   5.6549800e-01   8.4243000e-01   2.6287700e-01
   5.7556300e-01   8.4456600e-01   2.5641500e-01
   5.8567800e-01   8.4666100e-01   2.4989700e-01
   5.9583900e-01   8.4871700e-01   2.4332900e-01
   6.0604500e-01   8.5073300e-01   2.3671200e-01
   6.1629300e-01   8.5270900e-01   2.3005200e-01
   6.2657900e-01   8.5464500e-01   2.2335300e-01
   6.3690200e-01   8.5654200e-01   2.1662000e-01
   6.4725700e-01   8.5840000e-01   2.0986100e-01
   6.5764200e-01   8.6021900e-01   2.0308200e-01
   6.6805400e-01   8.6199900e-01   1.9629300e-01
   6.7848900e-01   8.6374200e-01   1.8950300e-01
   6.8894400e-01   8.6544800e-01   1.8272500e-01
   6.9941500e-01   8.6711700e-01   1.7597100e-01
   7.0989800e-01   8.6875100e-01   1.6925700e-01
   7.2039100e-01   8.7035000e-01   1.6260300e-01
   7.3088900e-01   8.7191600e-01   1.5602900e-01
   7.4138800e-01   8.7344900e-01   1.4956100e-01
   7.5188400e-01   8.7495100e-01   1.4322800e-01
   7.6237300e-01   8.7642400e-01   1.3706400e-01
   7.7285200e-01   8.7786800e-01   1.3110900e-01
   7.8331500e-01   8.7928500e-01   1.2540500e-01
   7.9376000e-01   8.8067800e-01   1.2000500e-01
   8.0418200e-01   8.8204600e-01   1.1496500e-01
   8.1457600e-01   8.8339300e-01   1.1034700e-01
   8.2494000e-01   8.8472000e-01   1.0621700e-01
   8.3527000e-01   8.8602900e-01   1.0264600e-01
   8.4556100e-01   8.8732200e-01   9.9702000e-02
   8.5581000e-01   8.8860100e-01   9.7452000e-02
   8.6601300e-01   8.8986800e-01   9.5953000e-02
   8.7616800e-01   8.9112500e-01   9.5250000e-02
   8.8627100e-01   8.9237400e-01   9.5374000e-02
   8.9632000e-01   8.9361600e-01   9.6335000e-02
   9.0631100e-01   8.9485500e-01   9.8125000e-02
   9.1624200e-01   8.9609100e-01   1.0071700e-01
   9.2610600e-01   8.9733000e-01   1.0407100e-01
   9.3590400e-01   8.9857000e-01   1.0813100e-01
   9.4563600e-01   8.9981500e-01   1.1283800e-01
   9.5530000e-01   9.0106500e-01   1.1812800e-01
   9.6489400e-01   9.0232300e-01   1.2394100e-01
   9.7441700e-01   9.0359000e-01   1.3021500e-01
   9.8386800e-01   9.0486700e-01   1.3689700e-01
   9.9324800e-01   9.0615700e-01   1.4393600e-01
