   8.9411765e-01   1.0000000e+00   4.7843137e-01
   8.9577855e-01   9.9858516e-01   4.7252595e-01
   8.9743945e-01   9.9717032e-01   4.6662053e-01
   8.9910035e-01   9.9575548e-01   4.6071511e-01
   9.0076125e-01   9.9434064e-01   4.5480969e-01
   9.0242215e-01   9.9292580e-01   4.4890427e-01
   9.0408304e-01   9.9151096e-01   4.4299885e-01
   9.0574394e-01   9.9009612e-01   4.3709343e-01
   9.0740484e-01   9.8868128e-01   4.3118800e-01
   9.0906574e-01   9.8726644e-01   4.2528258e-01
   9.1072664e-01   9.8585160e-01   4.1937716e-01
   9.1238754e-01   9.8443676e-01   4.1347174e-01
   9.1404844e-01   9.8302191e-01   4.0756632e-01
   9.1570934e-01   9.8160707e-01   4.0166090e-01
   9.1737024e-01   9.8019223e-01   3.9575548e-01
   9.1903114e-01   9.7877739e-01   3.8985006e-01
   9.2069204e-01   9.7736255e-01   3.8394464e-01
   9.2235294e-01   9.7594771e-01   3.7803922e-01
   9.2401384e-01   9.7453287e-01   3.7213379e-01
   9.2567474e-01   9.7311803e-01   3.6622837e-01
   9.2733564e-01   9.7170319e-01   3.6032295e-01
   9.2899654e-01   9.7028835e-01   3.5441753e-01
   9.3065744e-01   9.6887351e-01   3.4851211e-01
   9.3231834e-01   9.6745867e-01   3.4260669e-01
   9.3397924e-01   9.6604383e-01   3.3670127e-01
   9.3564014e-01   9.6462899e-01   3.3079585e-01
   9.3730104e-01   9.6321415e-01   3.2489043e-01
   9.3896194e-01   9.6179931e-01   3.1898501e-01
   9.4062284e-01   9.6038447e-01   3.1307958e-01
   9.4228374e-01   9.5896963e-01   3.0717416e-01
   9.4394464e-01   9.5755479e-01   3.0126874e-01
   9.4560554e-01   9.5613995e-01   2.9536332e-01
   9.4726644e-01   9.5472511e-01   2.8945790e-01
   9.4892734e-01   9.5331027e-01   2.8355248e-01
   9.5058824e-01   9.5189542e-01   2.7764706e-01
   9.5224913e-01   9.5048058e-01   2.7174164e-01
   9.5391003e-01   9.4906574e-01   2.6583622e-01
   9.5557093e-01   9.4765090e-01   2.5993080e-01
   9.5723183e-01   9.4623606e-01   2.5402537e-01
   9.5889273e-01   9.4482122e-01   2.4811995e-01
   9.6055363e-01   9.4340638e-01   2.4221453e-01
   9.6221453e-01   9.4199154e-01   2.3630911e-01
   9.6387543e-01   9.4057670e-01   2.3040369e-01
   9.6553633e-01   9.3916186e-01   2.2449827e-01
   9.6719723e-01   9.3774702e-01   2.1859285e-01
   9.6885813e-01   9.3633218e-01   2.1268743e-01
   9.7051903e-01   9.3491734e-01   2.0678201e-01
   9.7217993e-01   9.3350250e-01   2.0087659e-01
   9.7384083e-01   9.3208766e-01   1.9497116e-01
   9.7550173e-01   9.3067282e-01   1.8906574e-01
   9.7716263e-01   9.2925798e-01   1.8316032e-01
   9.7882353e-01   9.2784314e-01   1.7725490e-01
   9.8048443e-01   9.2642830e-01   1.7134948e-01
   9.8214533e-01   9.2501346e-01   1.6544406e-01
   9.8380623e-01   9.2359862e-01   1.5953864e-01
   9.8546713e-01   9.2218378e-01   1.5363322e-01
   9.8712803e-01   9.2076894e-01   1.4772780e-01
   9.8878893e-01   9.1935409e-01   1.4182238e-01
   9.9044983e-01   9.1793925e-01   1.3591696e-01
   9.9211073e-01   9.1652441e-01   1.3001153e-01
   9.9377163e-01   9.1510957e-01   1.2410611e-01
   9.9543253e-01   9.1369473e-01   1.1820069e-01
   9.9709343e-01   9.1227989e-01   1.1229527e-01
   9.9875433e-01   9.1086505e-01   1.0638985e-01
   1.0000000e+00   9.0914264e-01   1.0156094e-01
   1.0000000e+00   9.0649750e-01   9.9961553e-02
   1.0000000e+00   9.0385236e-01   9.8362168e-02
   1.0000000e+00   9.0120723e-01   9.6762784e-02
   1.0000000e+00   8.9856209e-01   9.5163399e-02
   1.0000000e+00   8.9591696e-01   9.3564014e-02
   1.0000000e+00   8.9327182e-01   9.1964629e-02
   1.0000000e+00   8.9062668e-01   9.0365244e-02
   1.0000000e+00   8.8798155e-01   8.8765859e-02
   1.0000000e+00   8.8533641e-01   8.7166474e-02
   1.0000000e+00   8.8269127e-01   8.5567090e-02
   1.0000000e+00   8.8004614e-01   8.3967705e-02
   1.0000000e+00   8.7740100e-01   8.2368320e-02
   1.0000000e+00   8.7475586e-01   8.0768935e-02
   1.0000000e+00   8.7211073e-01   7.9169550e-02
   1.0000000e+00   8.6946559e-01   7.7570165e-02
   1.0000000e+00   8.6682045e-01   7.5970780e-02
   1.0000000e+00   8.6417532e-01   7.4371396e-02
   1.0000000e+00   8.6153018e-01   7.2772011e-02
   1.0000000e+00   8.5888504e-01   7.1172626e-02
   1.0000000e+00   8.5623991e-01   6.9573241e-02
   1.0000000e+00   8.5359477e-01   6.7973856e-02
   1.0000000e+00   8.5094963e-01   6.6374471e-02
   1.0000000e+00   8.4830450e-01   6.4775087e-02
   1.0000000e+00   8.4565936e-01   6.3175702e-02
   1.0000000e+00   8.4301423e-01   6.1576317e-02
   1.0000000e+00   8.4036909e-01   5.9976932e-02
   1.0000000e+00   8.3772395e-01   5.8377547e-02
   1.0000000e+00   8.3507882e-01   5.6778162e-02
   1.0000000e+00   8.3243368e-01   5.5178777e-02
   1.0000000e+00   8.2978854e-01   5.3579393e-02
   1.0000000e+00   8.2714341e-01   5.1980008e-02
   1.0000000e+00   8.2449827e-01   5.0380623e-02
   1.0000000e+00   8.2185313e-01   4.8781238e-02
   1.0000000e+00   8.1920800e-01   4.7181853e-02
   1.0000000e+00   8.1656286e-01   4.5582468e-02
   1.0000000e+00   8.1391772e-01   4.3983083e-02
   1.0000000e+00   8.1127259e-01   4.2383699e-02
   1.0000000e+00   8.0862745e-01   4.0784314e-02
   1.0000000e+00   8.0598231e-01   3.9184929e-02
   1.0000000e+00   8.0333718e-01   3.7585544e-02
   1.0000000e+00   8.0069204e-01   3.5986159e-02
   1.0000000e+00   7.9804691e-01   3.4386774e-02
   1.0000000e+00   7.9540177e-01   3.2787389e-02
   1.0000000e+00   7.9275663e-01   3.1188005e-02
   1.0000000e+00   7.9011150e-01   2.9588620e-02
   1.0000000e+00   7.8746636e-01   2.7989235e-02
   1.0000000e+00   7.8482122e-01   2.6389850e-02
   1.0000000e+00   7.8217609e-01   2.4790465e-02
   1.0000000e+00   7.7953095e-01   2.3191080e-02
   1.0000000e+00   7.7688581e-01   2.1591696e-02
   1.0000000e+00   7.7424068e-01   1.9992311e-02
   1.0000000e+00   7.7159554e-01   1.8392926e-02
   1.0000000e+00   7.6895040e-01   1.6793541e-02
   1.0000000e+00   7.6630527e-01   1.5194156e-02
   1.0000000e+00   7.6366013e-01   1.3594771e-02
   1.0000000e+00   7.6101499e-01   1.1995386e-02
   1.0000000e+00   7.5836986e-01   1.0396002e-02
   1.0000000e+00   7.5572472e-01   8.7966167e-03
   1.0000000e+00   7.5307958e-01   7.1972318e-03
   1.0000000e+00   7.5043445e-01   5.5978470e-03
   1.0000000e+00   7.4778931e-01   3.9984621e-03
   1.0000000e+00   7.4514418e-01   2.3990773e-03
   1.0000000e+00   7.4249904e-01   7.9969243e-04
   1.0000000e+00   7.4028451e-01   0.0000000e+00
   1.0000000e+00   7.3850058e-01   0.0000000e+00
   1.0000000e+00   7.3671665e-01   0.0000000e+00
   1.0000000e+00   7.3493272e-01   0.0000000e+00
   1.0000000e+00   7.3314879e-01   0.0000000e+00
   1.0000000e+00   7.3136486e-01   0.0000000e+00
   1.0000000e+00   7.2958093e-01   0.0000000e+00
   1.0000000e+00   7.2779700e-01   0.0000000e+00
   1.0000000e+00   7.2601307e-01   0.0000000e+00
   1.0000000e+00   7.2422914e-01   0.0000000e+00
   1.0000000e+00   7.2244521e-01   0.0000000e+00
   1.0000000e+00   7.2066128e-01   0.0000000e+00
   1.0000000e+00   7.1887735e-01   0.0000000e+00
   1.0000000e+00   7.1709343e-01   0.0000000e+00
   1.0000000e+00   7.1530950e-01   0.0000000e+00
   1.0000000e+00   7.1352557e-01   0.0000000e+00
   1.0000000e+00   7.1174164e-01   0.0000000e+00
   1.0000000e+00   7.0995771e-01   0.0000000e+00
   1.0000000e+00   7.0817378e-01   0.0000000e+00
   1.0000000e+00   7.0638985e-01   0.0000000e+00
   1.0000000e+00   7.0460592e-01   0.0000000e+00
   1.0000000e+00   7.0282199e-01   0.0000000e+00
   1.0000000e+00   7.0103806e-01   0.0000000e+00
   1.0000000e+00   6.9925413e-01   0.0000000e+00
   1.0000000e+00   6.9747020e-01   0.0000000e+00
   1.0000000e+00   6.9568627e-01   0.0000000e+00
   1.0000000e+00   6.9390235e-01   0.0000000e+00
   1.0000000e+00   6.9211842e-01   0.0000000e+00
   1.0000000e+00   6.9033449e-01   0.0000000e+00
   1.0000000e+00   6.8855056e-01   0.0000000e+00
   1.0000000e+00   6.8676663e-01   0.0000000e+00
   1.0000000e+00   6.8498270e-01   0.0000000e+00
   1.0000000e+00   6.8319877e-01   0.0000000e+00
   1.0000000e+00   6.8141484e-01   0.0000000e+00
   1.0000000e+00   6.7963091e-01   0.0000000e+00
   1.0000000e+00   6.7784698e-01   0.0000000e+00
   1.0000000e+00   6.7606305e-01   0.0000000e+00
   1.0000000e+00   6.7427912e-01   0.0000000e+00
   1.0000000e+00   6.7249519e-01   0.0000000e+00
   1.0000000e+00   6.7071126e-01   0.0000000e+00
   1.0000000e+00   6.6892734e-01   0.0000000e+00
   1.0000000e+00   6.6714341e-01   0.0000000e+00
   1.0000000e+00   6.6535948e-01   0.0000000e+00
   1.0000000e+00   6.6357555e-01   0.0000000e+00
   1.0000000e+00   6.6179162e-01   0.0000000e+00
   1.0000000e+00   6.6000769e-01   0.0000000e+00
   1.0000000e+00   6.5822376e-01   0.0000000e+00
   1.0000000e+00   6.5643983e-01   0.0000000e+00
   1.0000000e+00   6.5465590e-01   0.0000000e+00
   1.0000000e+00   6.5287197e-01   0.0000000e+00
   1.0000000e+00   6.5108804e-01   0.0000000e+00
   1.0000000e+00   6.4930411e-01   0.0000000e+00
   1.0000000e+00   6.4752018e-01   0.0000000e+00
   1.0000000e+00   6.4573626e-01   0.0000000e+00
   1.0000000e+00   6.4395233e-01   0.0000000e+00
   1.0000000e+00   6.4216840e-01   0.0000000e+00
   1.0000000e+00   6.4038447e-01   0.0000000e+00
   1.0000000e+00   6.3860054e-01   0.0000000e+00
   1.0000000e+00   6.3681661e-01   0.0000000e+00
   1.0000000e+00   6.3503268e-01   0.0000000e+00
   1.0000000e+00   6.3324875e-01   0.0000000e+00
   1.0000000e+00   6.3146482e-01   0.0000000e+00
   1.0000000e+00   6.2968089e-01   0.0000000e+00
   1.0000000e+00   6.2789696e-01   0.0000000e+00
   9.9986159e-01   6.2592849e-01   0.0000000e+00
   9.9967705e-01   6.2389850e-01   0.0000000e+00
   9.9949250e-01   6.2186851e-01   0.0000000e+00
   9.9930796e-01   6.1983852e-01   0.0000000e+00
   9.9912341e-01   6.1780854e-01   0.0000000e+00
   9.9893887e-01   6.1577855e-01   0.0000000e+00
   9.9875433e-01   6.1374856e-01   0.0000000e+00
   9.9856978e-01   6.1171857e-01   0.0000000e+00
   9.9838524e-01   6.0968858e-01   0.0000000e+00
   9.9820069e-01   6.0765859e-01   0.0000000e+00
   9.9801615e-01   6.0562860e-01   0.0000000e+00
   9.9783160e-01   6.0359862e-01   0.0000000e+00
   9.9764706e-01   6.0156863e-01   0.0000000e+00
   9.9746251e-01   5.9953864e-01   0.0000000e+00
   9.9727797e-01   5.9750865e-01   0.0000000e+00
   9.9709343e-01   5.9547866e-01   0.0000000e+00
   9.9690888e-01   5.9344867e-01   0.0000000e+00
   9.9672434e-01   5.9141869e-01   0.0000000e+00
   9.9653979e-01   5.8938870e-01   0.0000000e+00
   9.9635525e-01   5.8735871e-01   0.0000000e+00
   9.9617070e-01   5.8532872e-01   0.0000000e+00
   9.9598616e-01   5.8329873e-01   0.0000000e+00
   9.9580161e-01   5.8126874e-01   0.0000000e+00
   9.9561707e-01   5.7923875e-01   0.0000000e+00
   9.9543253e-01   5.7720877e-01   0.0000000e+00
   9.9524798e-01   5.7517878e-01   0.0000000e+00
   9.9506344e-01   5.7314879e-01   0.0000000e+00
   9.9487889e-01   5.7111880e-01   0.0000000e+00
   9.9469435e-01   5.6908881e-01   0.0000000e+00
   9.9450980e-01   5.6705882e-01   0.0000000e+00
   9.9432526e-01   5.6502884e-01   0.0000000e+00
   9.9414072e-01   5.6299885e-01   0.0000000e+00
   9.9395617e-01   5.6096886e-01   0.0000000e+00
   9.9377163e-01   5.5893887e-01   0.0000000e+00
   9.9358708e-01   5.5690888e-01   0.0000000e+00
   9.9340254e-01   5.5487889e-01   0.0000000e+00
   9.9321799e-01   5.5284890e-01   0.0000000e+00
   9.9303345e-01   5.5081892e-01   0.0000000e+00
   9.9284890e-01   5.4878893e-01   0.0000000e+00
   9.9266436e-01   5.4675894e-01   0.0000000e+00
   9.9247982e-01   5.4472895e-01   0.0000000e+00
   9.9229527e-01   5.4269896e-01   0.0000000e+00
   9.9211073e-01   5.4066897e-01   0.0000000e+00
   9.9192618e-01   5.3863899e-01   0.0000000e+00
   9.9174164e-01   5.3660900e-01   0.0000000e+00
   9.9155709e-01   5.3457901e-01   0.0000000e+00
   9.9137255e-01   5.3254902e-01   0.0000000e+00
   9.9118800e-01   5.3051903e-01   0.0000000e+00
   9.9100346e-01   5.2848904e-01   0.0000000e+00
   9.9081892e-01   5.2645905e-01   0.0000000e+00
   9.9063437e-01   5.2442907e-01   0.0000000e+00
   9.9044983e-01   5.2239908e-01   0.0000000e+00
   9.9026528e-01   5.2036909e-01   0.0000000e+00
   9.9008074e-01   5.1833910e-01   0.0000000e+00
   9.8989619e-01   5.1630911e-01   0.0000000e+00
   9.8971165e-01   5.1427912e-01   0.0000000e+00
   9.8952710e-01   5.1224913e-01   0.0000000e+00
   9.8934256e-01   5.1021915e-01   0.0000000e+00
   9.8915802e-01   5.0818916e-01   0.0000000e+00
   9.8897347e-01   5.0615917e-01   0.0000000e+00
   9.8878893e-01   5.0412918e-01   0.0000000e+00
   9.8860438e-01   5.0209919e-01   0.0000000e+00
   9.8841984e-01   5.0006920e-01   0.0000000e+00
   9.8823529e-01   4.9803922e-01   0.0000000e+00
