   1.0000000e+00   1.0000000e+00   8.9803922e-01
   9.9901576e-01   9.9963091e-01   8.9262591e-01
   9.9803153e-01   9.9926182e-01   8.8721261e-01
   9.9704729e-01   9.9889273e-01   8.8179931e-01
   9.9606305e-01   9.9852364e-01   8.7638601e-01
   9.9507882e-01   9.9815456e-01   8.7097270e-01
   9.9409458e-01   9.9778547e-01   8.6555940e-01
   9.9311034e-01   9.9741638e-01   8.6014610e-01
   9.9212611e-01   9.9704729e-01   8.5473280e-01
   9.9114187e-01   9.9667820e-01   8.4931949e-01
   9.9015763e-01   9.9630911e-01   8.4390619e-01
   9.8917339e-01   9.9594002e-01   8.3849289e-01
   9.8818916e-01   9.9557093e-01   8.3307958e-01
   9.8720492e-01   9.9520185e-01   8.2766628e-01
   9.8622068e-01   9.9483276e-01   8.2225298e-01
   9.8523645e-01   9.9446367e-01   8.1683968e-01
   9.8425221e-01   9.9409458e-01   8.1142637e-01
   9.8326797e-01   9.9372549e-01   8.0601307e-01
   9.8228374e-01   9.9335640e-01   8.0059977e-01
   9.8129950e-01   9.9298731e-01   7.9518647e-01
   9.8031526e-01   9.9261822e-01   7.8977316e-01
   9.7933103e-01   9.9224913e-01   7.8435986e-01
   9.7834679e-01   9.9188005e-01   7.7894656e-01
   9.7736255e-01   9.9151096e-01   7.7353326e-01
   9.7637832e-01   9.9114187e-01   7.6811995e-01
   9.7539408e-01   9.9077278e-01   7.6270665e-01
   9.7440984e-01   9.9040369e-01   7.5729335e-01
   9.7342561e-01   9.9003460e-01   7.5188005e-01
   9.7244137e-01   9.8966551e-01   7.4646674e-01
   9.7145713e-01   9.8929642e-01   7.4105344e-01
   9.7047290e-01   9.8892734e-01   7.3564014e-01
   9.6948866e-01   9.8855825e-01   7.3022684e-01
   9.6816609e-01   9.8805075e-01   7.2515186e-01
   9.6447520e-01   9.8657439e-01   7.2244521e-01
   9.6078431e-01   9.8509804e-01   7.1973856e-01
   9.5709343e-01   9.8362168e-01   7.1703191e-01
   9.5340254e-01   9.8214533e-01   7.1432526e-01
   9.4971165e-01   9.8066897e-01   7.1161861e-01
   9.4602076e-01   9.7919262e-01   7.0891196e-01
   9.4232987e-01   9.7771626e-01   7.0620531e-01
   9.3863899e-01   9.7623991e-01   7.0349865e-01
   9.3494810e-01   9.7476355e-01   7.0079200e-01
   9.3125721e-01   9.7328720e-01   6.9808535e-01
   9.2756632e-01   9.7181084e-01   6.9537870e-01
   9.2387543e-01   9.7033449e-01   6.9267205e-01
   9.2018454e-01   9.6885813e-01   6.8996540e-01
   9.1649366e-01   9.6738178e-01   6.8725875e-01
   9.1280277e-01   9.6590542e-01   6.8455210e-01
   9.0911188e-01   9.6442907e-01   6.8184544e-01
   9.0542099e-01   9.6295271e-01   6.7913879e-01
   9.0173010e-01   9.6147636e-01   6.7643214e-01
   8.9803922e-01   9.6000000e-01   6.7372549e-01
   8.9434833e-01   9.5852364e-01   6.7101884e-01
   8.9065744e-01   9.5704729e-01   6.6831219e-01
   8.8696655e-01   9.5557093e-01   6.6560554e-01
   8.8327566e-01   9.5409458e-01   6.6289889e-01
   8.7958478e-01   9.5261822e-01   6.6019223e-01
   8.7589389e-01   9.5114187e-01   6.5748558e-01
   8.7220300e-01   9.4966551e-01   6.5477893e-01
   8.6851211e-01   9.4818916e-01   6.5207228e-01
   8.6482122e-01   9.4671280e-01   6.4936563e-01
   8.6113033e-01   9.4523645e-01   6.4665898e-01
   8.5743945e-01   9.4376009e-01   6.4395233e-01
   8.5374856e-01   9.4228374e-01   6.4124567e-01
   8.4962707e-01   9.4059208e-01   6.3856978e-01
   8.4421376e-01   9.3825452e-01   6.3598616e-01
   8.3880046e-01   9.3591696e-01   6.3340254e-01
   8.3338716e-01   9.3357939e-01   6.3081892e-01
   8.2797386e-01   9.3124183e-01   6.2823529e-01
   8.2256055e-01   9.2890427e-01   6.2565167e-01
   8.1714725e-01   9.2656671e-01   6.2306805e-01
   8.1173395e-01   9.2422914e-01   6.2048443e-01
   8.0632065e-01   9.2189158e-01   6.1790081e-01
   8.0090734e-01   9.1955402e-01   6.1531719e-01
   7.9549404e-01   9.1721646e-01   6.1273356e-01
   7.9008074e-01   9.1487889e-01   6.1014994e-01
   7.8466744e-01   9.1254133e-01   6.0756632e-01
   7.7925413e-01   9.1020377e-01   6.0498270e-01
   7.7384083e-01   9.0786621e-01   6.0239908e-01
   7.6842753e-01   9.0552864e-01   5.9981546e-01
   7.6301423e-01   9.0319108e-01   5.9723183e-01
   7.5760092e-01   9.0085352e-01   5.9464821e-01
   7.5218762e-01   8.9851596e-01   5.9206459e-01
   7.4677432e-01   8.9617839e-01   5.8948097e-01
   7.4136101e-01   8.9384083e-01   5.8689735e-01
   7.3594771e-01   8.9150327e-01   5.8431373e-01
   7.3053441e-01   8.8916571e-01   5.8173010e-01
   7.2512111e-01   8.8682814e-01   5.7914648e-01
   7.1970780e-01   8.8449058e-01   5.7656286e-01
   7.1429450e-01   8.8215302e-01   5.7397924e-01
   7.0888120e-01   8.7981546e-01   5.7139562e-01
   7.0346790e-01   8.7747789e-01   5.6881200e-01
   6.9805459e-01   8.7514033e-01   5.6622837e-01
   6.9264129e-01   8.7280277e-01   5.6364475e-01
   6.8722799e-01   8.7046521e-01   5.6106113e-01
   6.8181469e-01   8.6812764e-01   5.5847751e-01
   6.7598616e-01   8.6560554e-01   5.5589389e-01
   6.6946559e-01   8.6277586e-01   5.5331027e-01
   6.6294502e-01   8.5994617e-01   5.5072664e-01
   6.5642445e-01   8.5711649e-01   5.4814302e-01
   6.4990388e-01   8.5428681e-01   5.4555940e-01
   6.4338331e-01   8.5145713e-01   5.4297578e-01
   6.3686275e-01   8.4862745e-01   5.4039216e-01
   6.3034218e-01   8.4579777e-01   5.3780854e-01
   6.2382161e-01   8.4296809e-01   5.3522491e-01
   6.1730104e-01   8.4013841e-01   5.3264129e-01
   6.1078047e-01   8.3730873e-01   5.3005767e-01
   6.0425990e-01   8.3447905e-01   5.2747405e-01
   5.9773933e-01   8.3164937e-01   5.2489043e-01
   5.9121876e-01   8.2881968e-01   5.2230681e-01
   5.8469819e-01   8.2599000e-01   5.1972318e-01
   5.7817762e-01   8.2316032e-01   5.1713956e-01
   5.7165705e-01   8.2033064e-01   5.1455594e-01
   5.6513649e-01   8.1750096e-01   5.1197232e-01
   5.5861592e-01   8.1467128e-01   5.0938870e-01
   5.5209535e-01   8.1184160e-01   5.0680507e-01
   5.4557478e-01   8.0901192e-01   5.0422145e-01
   5.3905421e-01   8.0618224e-01   5.0163783e-01
   5.3253364e-01   8.0335256e-01   4.9905421e-01
   5.2601307e-01   8.0052288e-01   4.9647059e-01
   5.1949250e-01   7.9769319e-01   4.9388697e-01
   5.1297193e-01   7.9486351e-01   4.9130334e-01
   5.0645136e-01   7.9203383e-01   4.8871972e-01
   4.9993080e-01   7.8920415e-01   4.8613610e-01
   4.9341023e-01   7.8637447e-01   4.8355248e-01
   4.8688966e-01   7.8354479e-01   4.8096886e-01
   4.8036909e-01   7.8071511e-01   4.7838524e-01
   4.7384852e-01   7.7788543e-01   4.7580161e-01
   4.6720492e-01   7.7480969e-01   4.7278739e-01
   4.6043829e-01   7.7148789e-01   4.6934256e-01
   4.5367166e-01   7.6816609e-01   4.6589773e-01
   4.4690504e-01   7.6484429e-01   4.6245290e-01
   4.4013841e-01   7.6152249e-01   4.5900807e-01
   4.3337178e-01   7.5820069e-01   4.5556324e-01
   4.2660515e-01   7.5487889e-01   4.5211842e-01
   4.1983852e-01   7.5155709e-01   4.4867359e-01
   4.1307190e-01   7.4823529e-01   4.4522876e-01
   4.0630527e-01   7.4491349e-01   4.4178393e-01
   3.9953864e-01   7.4159170e-01   4.3833910e-01
   3.9277201e-01   7.3826990e-01   4.3489427e-01
   3.8600538e-01   7.3494810e-01   4.3144944e-01
   3.7923875e-01   7.3162630e-01   4.2800461e-01
   3.7247213e-01   7.2830450e-01   4.2455978e-01
   3.6570550e-01   7.2498270e-01   4.2111496e-01
   3.5893887e-01   7.2166090e-01   4.1767013e-01
   3.5217224e-01   7.1833910e-01   4.1422530e-01
   3.4540561e-01   7.1501730e-01   4.1078047e-01
   3.3863899e-01   7.1169550e-01   4.0733564e-01
   3.3187236e-01   7.0837370e-01   4.0389081e-01
   3.2510573e-01   7.0505190e-01   4.0044598e-01
   3.1833910e-01   7.0173010e-01   3.9700115e-01
   3.1157247e-01   6.9840830e-01   3.9355632e-01
   3.0480584e-01   6.9508651e-01   3.9011150e-01
   2.9803922e-01   6.9176471e-01   3.8666667e-01
   2.9127259e-01   6.8844291e-01   3.8322184e-01
   2.8450596e-01   6.8512111e-01   3.7977701e-01
   2.7773933e-01   6.8179931e-01   3.7633218e-01
   2.7097270e-01   6.7847751e-01   3.7288735e-01
   2.6420607e-01   6.7515571e-01   3.6944252e-01
   2.5743945e-01   6.7183391e-01   3.6599769e-01
   2.5259516e-01   6.6758939e-01   3.6270665e-01
   2.4890427e-01   6.6279123e-01   3.5950788e-01
   2.4521338e-01   6.5799308e-01   3.5630911e-01
   2.4152249e-01   6.5319493e-01   3.5311034e-01
   2.3783160e-01   6.4839677e-01   3.4991157e-01
   2.3414072e-01   6.4359862e-01   3.4671280e-01
   2.3044983e-01   6.3880046e-01   3.4351403e-01
   2.2675894e-01   6.3400231e-01   3.4031526e-01
   2.2306805e-01   6.2920415e-01   3.3711649e-01
   2.1937716e-01   6.2440600e-01   3.3391772e-01
   2.1568627e-01   6.1960784e-01   3.3071895e-01
   2.1199539e-01   6.1480969e-01   3.2752018e-01
   2.0830450e-01   6.1001153e-01   3.2432141e-01
   2.0461361e-01   6.0521338e-01   3.2112265e-01
   2.0092272e-01   6.0041522e-01   3.1792388e-01
   1.9723183e-01   5.9561707e-01   3.1472511e-01
   1.9354095e-01   5.9081892e-01   3.1152634e-01
   1.8985006e-01   5.8602076e-01   3.0832757e-01
   1.8615917e-01   5.8122261e-01   3.0512880e-01
   1.8246828e-01   5.7642445e-01   3.0193003e-01
   1.7877739e-01   5.7162630e-01   2.9873126e-01
   1.7508651e-01   5.6682814e-01   2.9553249e-01
   1.7139562e-01   5.6202999e-01   2.9233372e-01
   1.6770473e-01   5.5723183e-01   2.8913495e-01
   1.6401384e-01   5.5243368e-01   2.8593618e-01
   1.6032295e-01   5.4763552e-01   2.8273741e-01
   1.5663206e-01   5.4283737e-01   2.7953864e-01
   1.5294118e-01   5.3803922e-01   2.7633987e-01
   1.4925029e-01   5.3324106e-01   2.7314110e-01
   1.4555940e-01   5.2844291e-01   2.6994233e-01
   1.4186851e-01   5.2364475e-01   2.6674356e-01
   1.3817762e-01   5.1884660e-01   2.6354479e-01
   1.3402537e-01   5.1506344e-01   2.6163783e-01
   1.2971934e-01   5.1161861e-01   2.6016148e-01
   1.2541330e-01   5.0817378e-01   2.5868512e-01
   1.2110727e-01   5.0472895e-01   2.5720877e-01
   1.1680123e-01   5.0128412e-01   2.5573241e-01
   1.1249519e-01   4.9783929e-01   2.5425606e-01
   1.0818916e-01   4.9439446e-01   2.5277970e-01
   1.0388312e-01   4.9094963e-01   2.5130334e-01
   9.9577086e-02   4.8750481e-01   2.4982699e-01
   9.5271050e-02   4.8405998e-01   2.4835063e-01
   9.0965013e-02   4.8061515e-01   2.4687428e-01
   8.6658977e-02   4.7717032e-01   2.4539792e-01
   8.2352941e-02   4.7372549e-01   2.4392157e-01
   7.8046905e-02   4.7028066e-01   2.4244521e-01
   7.3740869e-02   4.6683583e-01   2.4096886e-01
   6.9434833e-02   4.6339100e-01   2.3949250e-01
   6.5128797e-02   4.5994617e-01   2.3801615e-01
   6.0822760e-02   4.5650135e-01   2.3653979e-01
   5.6516724e-02   4.5305652e-01   2.3506344e-01
   5.2210688e-02   4.4961169e-01   2.3358708e-01
   4.7904652e-02   4.4616686e-01   2.3211073e-01
   4.3598616e-02   4.4272203e-01   2.3063437e-01
   3.9292580e-02   4.3927720e-01   2.2915802e-01
   3.4986544e-02   4.3583237e-01   2.2768166e-01
   3.0680507e-02   4.3238754e-01   2.2620531e-01
   2.6374471e-02   4.2894271e-01   2.2472895e-01
   2.2068435e-02   4.2549789e-01   2.2325260e-01
   1.7762399e-02   4.2205306e-01   2.2177624e-01
   1.3456363e-02   4.1860823e-01   2.2029988e-01
   9.1503268e-03   4.1516340e-01   2.1882353e-01
   4.8442907e-03   4.1171857e-01   2.1734717e-01
   5.3825452e-04   4.0827374e-01   2.1587082e-01
   0.0000000e+00   4.0407536e-01   2.1417916e-01
   0.0000000e+00   3.9976932e-01   2.1245675e-01
   0.0000000e+00   3.9546328e-01   2.1073433e-01
   0.0000000e+00   3.9115725e-01   2.0901192e-01
   0.0000000e+00   3.8685121e-01   2.0728950e-01
   0.0000000e+00   3.8254517e-01   2.0556709e-01
   0.0000000e+00   3.7823914e-01   2.0384468e-01
   0.0000000e+00   3.7393310e-01   2.0212226e-01
   0.0000000e+00   3.6962707e-01   2.0039985e-01
   0.0000000e+00   3.6532103e-01   1.9867743e-01
   0.0000000e+00   3.6101499e-01   1.9695502e-01
   0.0000000e+00   3.5670896e-01   1.9523260e-01
   0.0000000e+00   3.5240292e-01   1.9351019e-01
   0.0000000e+00   3.4809689e-01   1.9178777e-01
   0.0000000e+00   3.4379085e-01   1.9006536e-01
   0.0000000e+00   3.3948481e-01   1.8834295e-01
   0.0000000e+00   3.3517878e-01   1.8662053e-01
   0.0000000e+00   3.3087274e-01   1.8489812e-01
   0.0000000e+00   3.2656671e-01   1.8317570e-01
   0.0000000e+00   3.2226067e-01   1.8145329e-01
   0.0000000e+00   3.1795463e-01   1.7973087e-01
   0.0000000e+00   3.1364860e-01   1.7800846e-01
   0.0000000e+00   3.0934256e-01   1.7628604e-01
   0.0000000e+00   3.0503652e-01   1.7456363e-01
   0.0000000e+00   3.0073049e-01   1.7284121e-01
   0.0000000e+00   2.9642445e-01   1.7111880e-01
   0.0000000e+00   2.9211842e-01   1.6939639e-01
   0.0000000e+00   2.8781238e-01   1.6767397e-01
   0.0000000e+00   2.8350634e-01   1.6595156e-01
   0.0000000e+00   2.7920031e-01   1.6422914e-01
   0.0000000e+00   2.7489427e-01   1.6250673e-01
   0.0000000e+00   2.7058824e-01   1.6078431e-01
