   1.0000000e+00   1.0000000e+00   8.5098039e-01
   9.9778547e-01   9.9913879e-01   8.4605921e-01
   9.9557093e-01   9.9827759e-01   8.4113802e-01
   9.9335640e-01   9.9741638e-01   8.3621684e-01
   9.9114187e-01   9.9655517e-01   8.3129566e-01
   9.8892734e-01   9.9569396e-01   8.2637447e-01
   9.8671280e-01   9.9483276e-01   8.2145329e-01
   9.8449827e-01   9.9397155e-01   8.1653210e-01
   9.8228374e-01   9.9311034e-01   8.1161092e-01
   9.8006920e-01   9.9224913e-01   8.0668973e-01
   9.7785467e-01   9.9138793e-01   8.0176855e-01
   9.7564014e-01   9.9052672e-01   7.9684737e-01
   9.7342561e-01   9.8966551e-01   7.9192618e-01
   9.7121107e-01   9.8880431e-01   7.8700500e-01
   9.6899654e-01   9.8794310e-01   7.8208381e-01
   9.6678201e-01   9.8708189e-01   7.7716263e-01
   9.6456747e-01   9.8622068e-01   7.7224145e-01
   9.6235294e-01   9.8535948e-01   7.6732026e-01
   9.6013841e-01   9.8449827e-01   7.6239908e-01
   9.5792388e-01   9.8363706e-01   7.5747789e-01
   9.5570934e-01   9.8277586e-01   7.5255671e-01
   9.5349481e-01   9.8191465e-01   7.4763552e-01
   9.5128028e-01   9.8105344e-01   7.4271434e-01
   9.4906574e-01   9.8019223e-01   7.3779316e-01
   9.4685121e-01   9.7933103e-01   7.3287197e-01
   9.4463668e-01   9.7846982e-01   7.2795079e-01
   9.4242215e-01   9.7760861e-01   7.2302960e-01
   9.4020761e-01   9.7674740e-01   7.1810842e-01
   9.3799308e-01   9.7588620e-01   7.1318724e-01
   9.3577855e-01   9.7502499e-01   7.0826605e-01
   9.3356401e-01   9.7416378e-01   7.0334487e-01
   9.3134948e-01   9.7330258e-01   6.9842368e-01
   9.2882737e-01   9.7231834e-01   6.9416378e-01
   9.2415225e-01   9.7047290e-01   6.9453287e-01
   9.1947712e-01   9.6862745e-01   6.9490196e-01
   9.1480200e-01   9.6678201e-01   6.9527105e-01
   9.1012687e-01   9.6493656e-01   6.9564014e-01
   9.0545175e-01   9.6309112e-01   6.9600923e-01
   9.0077662e-01   9.6124567e-01   6.9637832e-01
   8.9610150e-01   9.5940023e-01   6.9674740e-01
   8.9142637e-01   9.5755479e-01   6.9711649e-01
   8.8675125e-01   9.5570934e-01   6.9748558e-01
   8.8207612e-01   9.5386390e-01   6.9785467e-01
   8.7740100e-01   9.5201845e-01   6.9822376e-01
   8.7272587e-01   9.5017301e-01   6.9859285e-01
   8.6805075e-01   9.4832757e-01   6.9896194e-01
   8.6337562e-01   9.4648212e-01   6.9933103e-01
   8.5870050e-01   9.4463668e-01   6.9970012e-01
   8.5402537e-01   9.4279123e-01   7.0006920e-01
   8.4935025e-01   9.4094579e-01   7.0043829e-01
   8.4467512e-01   9.3910035e-01   7.0080738e-01
   8.4000000e-01   9.3725490e-01   7.0117647e-01
   8.3532488e-01   9.3540946e-01   7.0154556e-01
   8.3064975e-01   9.3356401e-01   7.0191465e-01
   8.2597463e-01   9.3171857e-01   7.0228374e-01
   8.2129950e-01   9.2987313e-01   7.0265283e-01
   8.1662438e-01   9.2802768e-01   7.0302191e-01
   8.1194925e-01   9.2618224e-01   7.0339100e-01
   8.0727413e-01   9.2433679e-01   7.0376009e-01
   8.0259900e-01   9.2249135e-01   7.0412918e-01
   7.9792388e-01   9.2064591e-01   7.0449827e-01
   7.9324875e-01   9.1880046e-01   7.0486736e-01
   7.8857363e-01   9.1695502e-01   7.0523645e-01
   7.8389850e-01   9.1510957e-01   7.0560554e-01
   7.7817762e-01   9.1286428e-01   7.0609765e-01
   7.6931949e-01   9.0941945e-01   7.0695886e-01
   7.6046136e-01   9.0597463e-01   7.0782007e-01
   7.5160323e-01   9.0252980e-01   7.0868128e-01
   7.4274510e-01   8.9908497e-01   7.0954248e-01
   7.3388697e-01   8.9564014e-01   7.1040369e-01
   7.2502884e-01   8.9219531e-01   7.1126490e-01
   7.1617070e-01   8.8875048e-01   7.1212611e-01
   7.0731257e-01   8.8530565e-01   7.1298731e-01
   6.9845444e-01   8.8186082e-01   7.1384852e-01
   6.8959631e-01   8.7841599e-01   7.1470973e-01
   6.8073818e-01   8.7497116e-01   7.1557093e-01
   6.7188005e-01   8.7152634e-01   7.1643214e-01
   6.6302191e-01   8.6808151e-01   7.1729335e-01
   6.5416378e-01   8.6463668e-01   7.1815456e-01
   6.4530565e-01   8.6119185e-01   7.1901576e-01
   6.3644752e-01   8.5774702e-01   7.1987697e-01
   6.2758939e-01   8.5430219e-01   7.2073818e-01
   6.1873126e-01   8.5085736e-01   7.2159938e-01
   6.0987313e-01   8.4741253e-01   7.2246059e-01
   6.0101499e-01   8.4396770e-01   7.2332180e-01
   5.9215686e-01   8.4052288e-01   7.2418301e-01
   5.8329873e-01   8.3707805e-01   7.2504421e-01
   5.7444060e-01   8.3363322e-01   7.2590542e-01
   5.6558247e-01   8.3018839e-01   7.2676663e-01
   5.5672434e-01   8.2674356e-01   7.2762784e-01
   5.4786621e-01   8.2329873e-01   7.2848904e-01
   5.3900807e-01   8.1985390e-01   7.2935025e-01
   5.3014994e-01   8.1640907e-01   7.3021146e-01
   5.2129181e-01   8.1296424e-01   7.3107266e-01
   5.1243368e-01   8.0951942e-01   7.3193387e-01
   5.0357555e-01   8.0607459e-01   7.3279508e-01
   4.9517878e-01   8.0286044e-01   7.3374856e-01
   4.8755094e-01   8.0003076e-01   7.3485582e-01
   4.7992311e-01   7.9720108e-01   7.3596309e-01
   4.7229527e-01   7.9437140e-01   7.3707036e-01
   4.6466744e-01   7.9154171e-01   7.3817762e-01
   4.5703960e-01   7.8871203e-01   7.3928489e-01
   4.4941176e-01   7.8588235e-01   7.4039216e-01
   4.4178393e-01   7.8305267e-01   7.4149942e-01
   4.3415609e-01   7.8022299e-01   7.4260669e-01
   4.2652826e-01   7.7739331e-01   7.4371396e-01
   4.1890042e-01   7.7456363e-01   7.4482122e-01
   4.1127259e-01   7.7173395e-01   7.4592849e-01
   4.0364475e-01   7.6890427e-01   7.4703576e-01
   3.9601692e-01   7.6607459e-01   7.4814302e-01
   3.8838908e-01   7.6324491e-01   7.4925029e-01
   3.8076125e-01   7.6041522e-01   7.5035755e-01
   3.7313341e-01   7.5758554e-01   7.5146482e-01
   3.6550557e-01   7.5475586e-01   7.5257209e-01
   3.5787774e-01   7.5192618e-01   7.5367935e-01
   3.5024990e-01   7.4909650e-01   7.5478662e-01
   3.4262207e-01   7.4626682e-01   7.5589389e-01
   3.3499423e-01   7.4343714e-01   7.5700115e-01
   3.2736640e-01   7.4060746e-01   7.5810842e-01
   3.1973856e-01   7.3777778e-01   7.5921569e-01
   3.1211073e-01   7.3494810e-01   7.6032295e-01
   3.0448289e-01   7.3211842e-01   7.6143022e-01
   2.9685506e-01   7.2928874e-01   7.6253749e-01
   2.8922722e-01   7.2645905e-01   7.6364475e-01
   2.8159938e-01   7.2362937e-01   7.6475202e-01
   2.7397155e-01   7.2079969e-01   7.6585928e-01
   2.6634371e-01   7.1797001e-01   7.6696655e-01
   2.5871588e-01   7.1514033e-01   7.6807382e-01
   2.5268743e-01   7.1144944e-01   7.6838139e-01
   2.4825836e-01   7.0689735e-01   7.6788927e-01
   2.4382930e-01   7.0234525e-01   7.6739715e-01
   2.3940023e-01   6.9779316e-01   7.6690504e-01
   2.3497116e-01   6.9324106e-01   7.6641292e-01
   2.3054210e-01   6.8868897e-01   7.6592080e-01
   2.2611303e-01   6.8413687e-01   7.6542868e-01
   2.2168397e-01   6.7958478e-01   7.6493656e-01
   2.1725490e-01   6.7503268e-01   7.6444444e-01
   2.1282584e-01   6.7048058e-01   7.6395233e-01
   2.0839677e-01   6.6592849e-01   7.6346021e-01
   2.0396770e-01   6.6137639e-01   7.6296809e-01
   1.9953864e-01   6.5682430e-01   7.6247597e-01
   1.9510957e-01   6.5227220e-01   7.6198385e-01
   1.9068051e-01   6.4772011e-01   7.6149173e-01
   1.8625144e-01   6.4316801e-01   7.6099962e-01
   1.8182238e-01   6.3861592e-01   7.6050750e-01
   1.7739331e-01   6.3406382e-01   7.6001538e-01
   1.7296424e-01   6.2951173e-01   7.5952326e-01
   1.6853518e-01   6.2495963e-01   7.5903114e-01
   1.6410611e-01   6.2040754e-01   7.5853902e-01
   1.5967705e-01   6.1585544e-01   7.5804691e-01
   1.5524798e-01   6.1130334e-01   7.5755479e-01
   1.5081892e-01   6.0675125e-01   7.5706267e-01
   1.4638985e-01   6.0219915e-01   7.5657055e-01
   1.4196078e-01   5.9764706e-01   7.5607843e-01
   1.3753172e-01   5.9309496e-01   7.5558631e-01
   1.3310265e-01   5.8854287e-01   7.5509419e-01
   1.2867359e-01   5.8399077e-01   7.5460208e-01
   1.2424452e-01   5.7943868e-01   7.5410996e-01
   1.1981546e-01   5.7488658e-01   7.5361784e-01
   1.1538639e-01   5.7033449e-01   7.5312572e-01
   1.1410996e-01   5.6470588e-01   7.5109573e-01
   1.1472511e-01   5.5843137e-01   7.4814302e-01
   1.1534025e-01   5.5215686e-01   7.4519031e-01
   1.1595540e-01   5.4588235e-01   7.4223760e-01
   1.1657055e-01   5.3960784e-01   7.3928489e-01
   1.1718570e-01   5.3333333e-01   7.3633218e-01
   1.1780085e-01   5.2705882e-01   7.3337947e-01
   1.1841599e-01   5.2078431e-01   7.3042676e-01
   1.1903114e-01   5.1450980e-01   7.2747405e-01
   1.1964629e-01   5.0823529e-01   7.2452134e-01
   1.2026144e-01   5.0196078e-01   7.2156863e-01
   1.2087659e-01   4.9568627e-01   7.1861592e-01
   1.2149173e-01   4.8941176e-01   7.1566321e-01
   1.2210688e-01   4.8313725e-01   7.1271050e-01
   1.2272203e-01   4.7686275e-01   7.0975779e-01
   1.2333718e-01   4.7058824e-01   7.0680507e-01
   1.2395233e-01   4.6431373e-01   7.0385236e-01
   1.2456747e-01   4.5803922e-01   7.0089965e-01
   1.2518262e-01   4.5176471e-01   6.9794694e-01
   1.2579777e-01   4.4549020e-01   6.9499423e-01
   1.2641292e-01   4.3921569e-01   6.9204152e-01
   1.2702807e-01   4.3294118e-01   6.8908881e-01
   1.2764321e-01   4.2666667e-01   6.8613610e-01
   1.2825836e-01   4.2039216e-01   6.8318339e-01
   1.2887351e-01   4.1411765e-01   6.8023068e-01
   1.2948866e-01   4.0784314e-01   6.7727797e-01
   1.3010381e-01   4.0156863e-01   6.7432526e-01
   1.3071895e-01   3.9529412e-01   6.7137255e-01
   1.3133410e-01   3.8901961e-01   6.6841984e-01
   1.3194925e-01   3.8274510e-01   6.6546713e-01
   1.3256440e-01   3.7647059e-01   6.6251442e-01
   1.3317955e-01   3.7019608e-01   6.5956171e-01
   1.3361015e-01   3.6475202e-01   6.5697809e-01
   1.3397924e-01   3.5958478e-01   6.5451749e-01
   1.3434833e-01   3.5441753e-01   6.5205690e-01
   1.3471742e-01   3.4925029e-01   6.4959631e-01
   1.3508651e-01   3.4408304e-01   6.4713572e-01
   1.3545559e-01   3.3891580e-01   6.4467512e-01
   1.3582468e-01   3.3374856e-01   6.4221453e-01
   1.3619377e-01   3.2858131e-01   6.3975394e-01
   1.3656286e-01   3.2341407e-01   6.3729335e-01
   1.3693195e-01   3.1824683e-01   6.3483276e-01
   1.3730104e-01   3.1307958e-01   6.3237216e-01
   1.3767013e-01   3.0791234e-01   6.2991157e-01
   1.3803922e-01   3.0274510e-01   6.2745098e-01
   1.3840830e-01   2.9757785e-01   6.2499039e-01
   1.3877739e-01   2.9241061e-01   6.2252980e-01
   1.3914648e-01   2.8724337e-01   6.2006920e-01
   1.3951557e-01   2.8207612e-01   6.1760861e-01
   1.3988466e-01   2.7690888e-01   6.1514802e-01
   1.4025375e-01   2.7174164e-01   6.1268743e-01
   1.4062284e-01   2.6657439e-01   6.1022684e-01
   1.4099193e-01   2.6140715e-01   6.0776624e-01
   1.4136101e-01   2.5623991e-01   6.0530565e-01
   1.4173010e-01   2.5107266e-01   6.0284506e-01
   1.4209919e-01   2.4590542e-01   6.0038447e-01
   1.4246828e-01   2.4073818e-01   5.9792388e-01
   1.4283737e-01   2.3557093e-01   5.9546328e-01
   1.4320646e-01   2.3040369e-01   5.9300269e-01
   1.4357555e-01   2.2523645e-01   5.9054210e-01
   1.4394464e-01   2.2006920e-01   5.8808151e-01
   1.4431373e-01   2.1490196e-01   5.8562092e-01
   1.4468281e-01   2.0973472e-01   5.8316032e-01
   1.4505190e-01   2.0456747e-01   5.8069973e-01
   1.4197616e-01   2.0144560e-01   5.7393310e-01
   1.3840830e-01   1.9861592e-01   5.6655133e-01
   1.3484045e-01   1.9578624e-01   5.5916955e-01
   1.3127259e-01   1.9295656e-01   5.5178777e-01
   1.2770473e-01   1.9012687e-01   5.4440600e-01
   1.2413687e-01   1.8729719e-01   5.3702422e-01
   1.2056901e-01   1.8446751e-01   5.2964245e-01
   1.1700115e-01   1.8163783e-01   5.2226067e-01
   1.1343329e-01   1.7880815e-01   5.1487889e-01
   1.0986544e-01   1.7597847e-01   5.0749712e-01
   1.0629758e-01   1.7314879e-01   5.0011534e-01
   1.0272972e-01   1.7031911e-01   4.9273356e-01
   9.9161861e-02   1.6748943e-01   4.8535179e-01
   9.5594002e-02   1.6465975e-01   4.7797001e-01
   9.2026144e-02   1.6183007e-01   4.7058824e-01
   8.8458285e-02   1.5900038e-01   4.6320646e-01
   8.4890427e-02   1.5617070e-01   4.5582468e-01
   8.1322568e-02   1.5334102e-01   4.4844291e-01
   7.7754710e-02   1.5051134e-01   4.4106113e-01
   7.4186851e-02   1.4768166e-01   4.3367935e-01
   7.0618993e-02   1.4485198e-01   4.2629758e-01
   6.7051134e-02   1.4202230e-01   4.1891580e-01
   6.3483276e-02   1.3919262e-01   4.1153403e-01
   5.9915417e-02   1.3636294e-01   4.0415225e-01
   5.6347559e-02   1.3353326e-01   3.9677047e-01
   5.2779700e-02   1.3070358e-01   3.8938870e-01
   4.9211842e-02   1.2787389e-01   3.8200692e-01
   4.5643983e-02   1.2504421e-01   3.7462514e-01
   4.2076125e-02   1.2221453e-01   3.6724337e-01
   3.8508266e-02   1.1938485e-01   3.5986159e-01
   3.4940408e-02   1.1655517e-01   3.5247982e-01
   3.1372549e-02   1.1372549e-01   3.4509804e-01
