   1.0000000e+00   1.0000000e+00   8.9803922e-01
   1.0000000e+00   9.9901576e-01   8.9299500e-01
   1.0000000e+00   9.9803153e-01   8.8795079e-01
   1.0000000e+00   9.9704729e-01   8.8290657e-01
   1.0000000e+00   9.9606305e-01   8.7786236e-01
   1.0000000e+00   9.9507882e-01   8.7281815e-01
   1.0000000e+00   9.9409458e-01   8.6777393e-01
   1.0000000e+00   9.9311034e-01   8.6272972e-01
   1.0000000e+00   9.9212611e-01   8.5768551e-01
   1.0000000e+00   9.9114187e-01   8.5264129e-01
   1.0000000e+00   9.9015763e-01   8.4759708e-01
   1.0000000e+00   9.8917339e-01   8.4255286e-01
   1.0000000e+00   9.8818916e-01   8.3750865e-01
   1.0000000e+00   9.8720492e-01   8.3246444e-01
   1.0000000e+00   9.8622068e-01   8.2742022e-01
   1.0000000e+00   9.8523645e-01   8.2237601e-01
   1.0000000e+00   9.8425221e-01   8.1733180e-01
   1.0000000e+00   9.8326797e-01   8.1228758e-01
   1.0000000e+00   9.8228374e-01   8.0724337e-01
   1.0000000e+00   9.8129950e-01   8.0219915e-01
   1.0000000e+00   9.8031526e-01   7.9715494e-01
   1.0000000e+00   9.7933103e-01   7.9211073e-01
   1.0000000e+00   9.7834679e-01   7.8706651e-01
   1.0000000e+00   9.7736255e-01   7.8202230e-01
   1.0000000e+00   9.7637832e-01   7.7697809e-01
   1.0000000e+00   9.7539408e-01   7.7193387e-01
   1.0000000e+00   9.7440984e-01   7.6688966e-01
   1.0000000e+00   9.7342561e-01   7.6184544e-01
   1.0000000e+00   9.7244137e-01   7.5680123e-01
   1.0000000e+00   9.7145713e-01   7.5175702e-01
   1.0000000e+00   9.7047290e-01   7.4671280e-01
   1.0000000e+00   9.6948866e-01   7.4166859e-01
   9.9998462e-01   9.6831988e-01   7.3659362e-01
   9.9986159e-01   9.6585928e-01   7.3130334e-01
   9.9973856e-01   9.6339869e-01   7.2601307e-01
   9.9961553e-01   9.6093810e-01   7.2072280e-01
   9.9949250e-01   9.5847751e-01   7.1543253e-01
   9.9936947e-01   9.5601692e-01   7.1014225e-01
   9.9924644e-01   9.5355632e-01   7.0485198e-01
   9.9912341e-01   9.5109573e-01   6.9956171e-01
   9.9900038e-01   9.4863514e-01   6.9427143e-01
   9.9887735e-01   9.4617455e-01   6.8898116e-01
   9.9875433e-01   9.4371396e-01   6.8369089e-01
   9.9863130e-01   9.4125336e-01   6.7840062e-01
   9.9850827e-01   9.3879277e-01   6.7311034e-01
   9.9838524e-01   9.3633218e-01   6.6782007e-01
   9.9826221e-01   9.3387159e-01   6.6252980e-01
   9.9813918e-01   9.3141100e-01   6.5723952e-01
   9.9801615e-01   9.2895040e-01   6.5194925e-01
   9.9789312e-01   9.2648981e-01   6.4665898e-01
   9.9777009e-01   9.2402922e-01   6.4136870e-01
   9.9764706e-01   9.2156863e-01   6.3607843e-01
   9.9752403e-01   9.1910804e-01   6.3078816e-01
   9.9740100e-01   9.1664744e-01   6.2549789e-01
   9.9727797e-01   9.1418685e-01   6.2020761e-01
   9.9715494e-01   9.1172626e-01   6.1491734e-01
   9.9703191e-01   9.0926567e-01   6.0962707e-01
   9.9690888e-01   9.0680507e-01   6.0433679e-01
   9.9678585e-01   9.0434448e-01   5.9904652e-01
   9.9666282e-01   9.0188389e-01   5.9375625e-01
   9.9653979e-01   8.9942330e-01   5.8846597e-01
   9.9641676e-01   8.9696271e-01   5.8317570e-01
   9.9629373e-01   8.9450211e-01   5.7788543e-01
   9.9617070e-01   8.9204152e-01   5.7259516e-01
   9.9607843e-01   8.8924260e-01   5.6659746e-01
   9.9607843e-01   8.8542868e-01   5.5847751e-01
   9.9607843e-01   8.8161476e-01   5.5035755e-01
   9.9607843e-01   8.7780085e-01   5.4223760e-01
   9.9607843e-01   8.7398693e-01   5.3411765e-01
   9.9607843e-01   8.7017301e-01   5.2599769e-01
   9.9607843e-01   8.6635909e-01   5.1787774e-01
   9.9607843e-01   8.6254517e-01   5.0975779e-01
   9.9607843e-01   8.5873126e-01   5.0163783e-01
   9.9607843e-01   8.5491734e-01   4.9351788e-01
   9.9607843e-01   8.5110342e-01   4.8539792e-01
   9.9607843e-01   8.4728950e-01   4.7727797e-01
   9.9607843e-01   8.4347559e-01   4.6915802e-01
   9.9607843e-01   8.3966167e-01   4.6103806e-01
   9.9607843e-01   8.3584775e-01   4.5291811e-01
   9.9607843e-01   8.3203383e-01   4.4479815e-01
   9.9607843e-01   8.2821992e-01   4.3667820e-01
   9.9607843e-01   8.2440600e-01   4.2855825e-01
   9.9607843e-01   8.2059208e-01   4.2043829e-01
   9.9607843e-01   8.1677816e-01   4.1231834e-01
   9.9607843e-01   8.1296424e-01   4.0419839e-01
   9.9607843e-01   8.0915033e-01   3.9607843e-01
   9.9607843e-01   8.0533641e-01   3.8795848e-01
   9.9607843e-01   8.0152249e-01   3.7983852e-01
   9.9607843e-01   7.9770857e-01   3.7171857e-01
   9.9607843e-01   7.9389466e-01   3.6359862e-01
   9.9607843e-01   7.9008074e-01   3.5547866e-01
   9.9607843e-01   7.8626682e-01   3.4735871e-01
   9.9607843e-01   7.8245290e-01   3.3923875e-01
   9.9607843e-01   7.7863899e-01   3.3111880e-01
   9.9607843e-01   7.7482507e-01   3.2299885e-01
   9.9607843e-01   7.7101115e-01   3.1487889e-01
   9.9607843e-01   7.6664360e-01   3.0805075e-01
   9.9607843e-01   7.6135333e-01   3.0337562e-01
   9.9607843e-01   7.5606305e-01   2.9870050e-01
   9.9607843e-01   7.5077278e-01   2.9402537e-01
   9.9607843e-01   7.4548251e-01   2.8935025e-01
   9.9607843e-01   7.4019223e-01   2.8467512e-01
   9.9607843e-01   7.3490196e-01   2.8000000e-01
   9.9607843e-01   7.2961169e-01   2.7532488e-01
   9.9607843e-01   7.2432141e-01   2.7064975e-01
   9.9607843e-01   7.1903114e-01   2.6597463e-01
   9.9607843e-01   7.1374087e-01   2.6129950e-01
   9.9607843e-01   7.0845060e-01   2.5662438e-01
   9.9607843e-01   7.0316032e-01   2.5194925e-01
   9.9607843e-01   6.9787005e-01   2.4727413e-01
   9.9607843e-01   6.9257978e-01   2.4259900e-01
   9.9607843e-01   6.8728950e-01   2.3792388e-01
   9.9607843e-01   6.8199923e-01   2.3324875e-01
   9.9607843e-01   6.7670896e-01   2.2857363e-01
   9.9607843e-01   6.7141869e-01   2.2389850e-01
   9.9607843e-01   6.6612841e-01   2.1922338e-01
   9.9607843e-01   6.6083814e-01   2.1454825e-01
   9.9607843e-01   6.5554787e-01   2.0987313e-01
   9.9607843e-01   6.5025759e-01   2.0519800e-01
   9.9607843e-01   6.4496732e-01   2.0052288e-01
   9.9607843e-01   6.3967705e-01   1.9584775e-01
   9.9607843e-01   6.3438677e-01   1.9117263e-01
   9.9607843e-01   6.2909650e-01   1.8649750e-01
   9.9607843e-01   6.2380623e-01   1.8182238e-01
   9.9607843e-01   6.1851596e-01   1.7714725e-01
   9.9607843e-01   6.1322568e-01   1.7247213e-01
   9.9607843e-01   6.0793541e-01   1.6779700e-01
   9.9607843e-01   6.0264514e-01   1.6312188e-01
   9.9497116e-01   5.9747789e-01   1.5949250e-01
   9.9275663e-01   5.9243368e-01   1.5690888e-01
   9.9054210e-01   5.8738947e-01   1.5432526e-01
   9.8832757e-01   5.8234525e-01   1.5174164e-01
   9.8611303e-01   5.7730104e-01   1.4915802e-01
   9.8389850e-01   5.7225682e-01   1.4657439e-01
   9.8168397e-01   5.6721261e-01   1.4399077e-01
   9.7946943e-01   5.6216840e-01   1.4140715e-01
   9.7725490e-01   5.5712418e-01   1.3882353e-01
   9.7504037e-01   5.5207997e-01   1.3623991e-01
   9.7282584e-01   5.4703576e-01   1.3365629e-01
   9.7061130e-01   5.4199154e-01   1.3107266e-01
   9.6839677e-01   5.3694733e-01   1.2848904e-01
   9.6618224e-01   5.3190311e-01   1.2590542e-01
   9.6396770e-01   5.2685890e-01   1.2332180e-01
   9.6175317e-01   5.2181469e-01   1.2073818e-01
   9.5953864e-01   5.1677047e-01   1.1815456e-01
   9.5732411e-01   5.1172626e-01   1.1557093e-01
   9.5510957e-01   5.0668205e-01   1.1298731e-01
   9.5289504e-01   5.0163783e-01   1.1040369e-01
   9.5068051e-01   4.9659362e-01   1.0782007e-01
   9.4846597e-01   4.9154940e-01   1.0523645e-01
   9.4625144e-01   4.8650519e-01   1.0265283e-01
   9.4403691e-01   4.8146098e-01   1.0006920e-01
   9.4182238e-01   4.7641676e-01   9.7485582e-02
   9.3960784e-01   4.7137255e-01   9.4901961e-02
   9.3739331e-01   4.6632834e-01   9.2318339e-02
   9.3517878e-01   4.6128412e-01   8.9734717e-02
   9.3296424e-01   4.5623991e-01   8.7151096e-02
   9.3074971e-01   4.5119569e-01   8.4567474e-02
   9.2853518e-01   4.4615148e-01   8.1983852e-02
   9.2632065e-01   4.4110727e-01   7.9400231e-02
   9.2302960e-01   4.3644752e-01   7.7047290e-02
   9.1909266e-01   4.3201845e-01   7.4832757e-02
   9.1515571e-01   4.2758939e-01   7.2618224e-02
   9.1121876e-01   4.2316032e-01   7.0403691e-02
   9.0728181e-01   4.1873126e-01   6.8189158e-02
   9.0334487e-01   4.1430219e-01   6.5974625e-02
   8.9940792e-01   4.0987313e-01   6.3760092e-02
   8.9547097e-01   4.0544406e-01   6.1545559e-02
   8.9153403e-01   4.0101499e-01   5.9331027e-02
   8.8759708e-01   3.9658593e-01   5.7116494e-02
   8.8366013e-01   3.9215686e-01   5.4901961e-02
   8.7972318e-01   3.8772780e-01   5.2687428e-02
   8.7578624e-01   3.8329873e-01   5.0472895e-02
   8.7184929e-01   3.7886967e-01   4.8258362e-02
   8.6791234e-01   3.7444060e-01   4.6043829e-02
   8.6397539e-01   3.7001153e-01   4.3829296e-02
   8.6003845e-01   3.6558247e-01   4.1614764e-02
   8.5610150e-01   3.6115340e-01   3.9400231e-02
   8.5216455e-01   3.5672434e-01   3.7185698e-02
   8.4822760e-01   3.5229527e-01   3.4971165e-02
   8.4429066e-01   3.4786621e-01   3.2756632e-02
   8.4035371e-01   3.4343714e-01   3.0542099e-02
   8.3641676e-01   3.3900807e-01   2.8327566e-02
   8.3247982e-01   3.3457901e-01   2.6113033e-02
   8.2854287e-01   3.3014994e-01   2.3898501e-02
   8.2460592e-01   3.2572088e-01   2.1683968e-02
   8.2066897e-01   3.2129181e-01   1.9469435e-02
   8.1673203e-01   3.1686275e-01   1.7254902e-02
   8.1279508e-01   3.1243368e-01   1.5040369e-02
   8.0885813e-01   3.0800461e-01   1.2825836e-02
   8.0492118e-01   3.0357555e-01   1.0611303e-02
   8.0098424e-01   2.9914648e-01   8.3967705e-03
   7.9529412e-01   2.9582468e-01   8.0276817e-03
   7.8901961e-01   2.9287197e-01   8.2737409e-03
   7.8274510e-01   2.8991926e-01   8.5198001e-03
   7.7647059e-01   2.8696655e-01   8.7658593e-03
   7.7019608e-01   2.8401384e-01   9.0119185e-03
   7.6392157e-01   2.8106113e-01   9.2579777e-03
   7.5764706e-01   2.7810842e-01   9.5040369e-03
   7.5137255e-01   2.7515571e-01   9.7500961e-03
   7.4509804e-01   2.7220300e-01   9.9961553e-03
   7.3882353e-01   2.6925029e-01   1.0242215e-02
   7.3254902e-01   2.6629758e-01   1.0488274e-02
   7.2627451e-01   2.6334487e-01   1.0734333e-02
   7.2000000e-01   2.6039216e-01   1.0980392e-02
   7.1372549e-01   2.5743945e-01   1.1226451e-02
   7.0745098e-01   2.5448674e-01   1.1472511e-02
   7.0117647e-01   2.5153403e-01   1.1718570e-02
   6.9490196e-01   2.4858131e-01   1.1964629e-02
   6.8862745e-01   2.4562860e-01   1.2210688e-02
   6.8235294e-01   2.4267589e-01   1.2456747e-02
   6.7607843e-01   2.3972318e-01   1.2702807e-02
   6.6980392e-01   2.3677047e-01   1.2948866e-02
   6.6352941e-01   2.3381776e-01   1.3194925e-02
   6.5725490e-01   2.3086505e-01   1.3440984e-02
   6.5098039e-01   2.2791234e-01   1.3687043e-02
   6.4470588e-01   2.2495963e-01   1.3933103e-02
   6.3843137e-01   2.2200692e-01   1.4179162e-02
   6.3215686e-01   2.1905421e-01   1.4425221e-02
   6.2588235e-01   2.1610150e-01   1.4671280e-02
   6.1960784e-01   2.1314879e-01   1.4917339e-02
   6.1333333e-01   2.1019608e-01   1.5163399e-02
   6.0705882e-01   2.0724337e-01   1.5409458e-02
   6.0078431e-01   2.0429066e-01   1.5655517e-02
   5.9450980e-01   2.0230681e-01   1.5901576e-02
   5.8823529e-01   2.0046136e-01   1.6147636e-02
   5.8196078e-01   1.9861592e-01   1.6393695e-02
   5.7568627e-01   1.9677047e-01   1.6639754e-02
   5.6941176e-01   1.9492503e-01   1.6885813e-02
   5.6313725e-01   1.9307958e-01   1.7131872e-02
   5.5686275e-01   1.9123414e-01   1.7377932e-02
   5.5058824e-01   1.8938870e-01   1.7623991e-02
   5.4431373e-01   1.8754325e-01   1.7870050e-02
   5.3803922e-01   1.8569781e-01   1.8116109e-02
   5.3176471e-01   1.8385236e-01   1.8362168e-02
   5.2549020e-01   1.8200692e-01   1.8608228e-02
   5.1921569e-01   1.8016148e-01   1.8854287e-02
   5.1294118e-01   1.7831603e-01   1.9100346e-02
   5.0666667e-01   1.7647059e-01   1.9346405e-02
   5.0039216e-01   1.7462514e-01   1.9592464e-02
   4.9411765e-01   1.7277970e-01   1.9838524e-02
   4.8784314e-01   1.7093426e-01   2.0084583e-02
   4.8156863e-01   1.6908881e-01   2.0330642e-02
   4.7529412e-01   1.6724337e-01   2.0576701e-02
   4.6901961e-01   1.6539792e-01   2.0822760e-02
   4.6274510e-01   1.6355248e-01   2.1068820e-02
   4.5647059e-01   1.6170704e-01   2.1314879e-02
   4.5019608e-01   1.5986159e-01   2.1560938e-02
   4.4392157e-01   1.5801615e-01   2.1806997e-02
   4.3764706e-01   1.5617070e-01   2.2053057e-02
   4.3137255e-01   1.5432526e-01   2.2299116e-02
   4.2509804e-01   1.5247982e-01   2.2545175e-02
   4.1882353e-01   1.5063437e-01   2.2791234e-02
   4.1254902e-01   1.4878893e-01   2.3037293e-02
   4.0627451e-01   1.4694348e-01   2.3283353e-02
   4.0000000e-01   1.4509804e-01   2.3529412e-02
