   1.0000000e+00   1.0000000e+00   8.0000000e-01
   1.0000000e+00   9.9778547e-01   7.9458670e-01
   1.0000000e+00   9.9557093e-01   7.8917339e-01
   1.0000000e+00   9.9335640e-01   7.8376009e-01
   1.0000000e+00   9.9114187e-01   7.7834679e-01
   1.0000000e+00   9.8892734e-01   7.7293349e-01
   1.0000000e+00   9.8671280e-01   7.6752018e-01
   1.0000000e+00   9.8449827e-01   7.6210688e-01
   1.0000000e+00   9.8228374e-01   7.5669358e-01
   1.0000000e+00   9.8006920e-01   7.5128028e-01
   1.0000000e+00   9.7785467e-01   7.4586697e-01
   1.0000000e+00   9.7564014e-01   7.4045367e-01
   1.0000000e+00   9.7342561e-01   7.3504037e-01
   1.0000000e+00   9.7121107e-01   7.2962707e-01
   1.0000000e+00   9.6899654e-01   7.2421376e-01
   1.0000000e+00   9.6678201e-01   7.1880046e-01
   1.0000000e+00   9.6456747e-01   7.1338716e-01
   1.0000000e+00   9.6235294e-01   7.0797386e-01
   1.0000000e+00   9.6013841e-01   7.0256055e-01
   1.0000000e+00   9.5792388e-01   6.9714725e-01
   1.0000000e+00   9.5570934e-01   6.9173395e-01
   1.0000000e+00   9.5349481e-01   6.8632065e-01
   1.0000000e+00   9.5128028e-01   6.8090734e-01
   1.0000000e+00   9.4906574e-01   6.7549404e-01
   1.0000000e+00   9.4685121e-01   6.7008074e-01
   1.0000000e+00   9.4463668e-01   6.6466744e-01
   1.0000000e+00   9.4242215e-01   6.5925413e-01
   1.0000000e+00   9.4020761e-01   6.5384083e-01
   1.0000000e+00   9.3799308e-01   6.4842753e-01
   1.0000000e+00   9.3577855e-01   6.4301423e-01
   1.0000000e+00   9.3356401e-01   6.3760092e-01
   1.0000000e+00   9.3134948e-01   6.3218762e-01
   9.9998462e-01   9.2910419e-01   6.2680507e-01
   9.9986159e-01   9.2664360e-01   6.2163783e-01
   9.9973856e-01   9.2418301e-01   6.1647059e-01
   9.9961553e-01   9.2172241e-01   6.1130334e-01
   9.9949250e-01   9.1926182e-01   6.0613610e-01
   9.9936947e-01   9.1680123e-01   6.0096886e-01
   9.9924644e-01   9.1434064e-01   5.9580161e-01
   9.9912341e-01   9.1188005e-01   5.9063437e-01
   9.9900038e-01   9.0941945e-01   5.8546713e-01
   9.9887735e-01   9.0695886e-01   5.8029988e-01
   9.9875433e-01   9.0449827e-01   5.7513264e-01
   9.9863130e-01   9.0203768e-01   5.6996540e-01
   9.9850827e-01   8.9957709e-01   5.6479815e-01
   9.9838524e-01   8.9711649e-01   5.5963091e-01
   9.9826221e-01   8.9465590e-01   5.5446367e-01
   9.9813918e-01   8.9219531e-01   5.4929642e-01
   9.9801615e-01   8.8973472e-01   5.4412918e-01
   9.9789312e-01   8.8727413e-01   5.3896194e-01
   9.9777009e-01   8.8481353e-01   5.3379469e-01
   9.9764706e-01   8.8235294e-01   5.2862745e-01
   9.9752403e-01   8.7989235e-01   5.2346021e-01
   9.9740100e-01   8.7743176e-01   5.1829296e-01
   9.9727797e-01   8.7497116e-01   5.1312572e-01
   9.9715494e-01   8.7251057e-01   5.0795848e-01
   9.9703191e-01   8.7004998e-01   5.0279123e-01
   9.9690888e-01   8.6758939e-01   4.9762399e-01
   9.9678585e-01   8.6512880e-01   4.9245675e-01
   9.9666282e-01   8.6266820e-01   4.8728950e-01
   9.9653979e-01   8.6020761e-01   4.8212226e-01
   9.9641676e-01   8.5774702e-01   4.7695502e-01
   9.9629373e-01   8.5528643e-01   4.7178777e-01
   9.9617070e-01   8.5282584e-01   4.6662053e-01
   9.9607843e-01   8.4978085e-01   4.6145329e-01
   9.9607843e-01   8.4498270e-01   4.5628604e-01
   9.9607843e-01   8.4018454e-01   4.5111880e-01
   9.9607843e-01   8.3538639e-01   4.4595156e-01
   9.9607843e-01   8.3058824e-01   4.4078431e-01
   9.9607843e-01   8.2579008e-01   4.3561707e-01
   9.9607843e-01   8.2099193e-01   4.3044983e-01
   9.9607843e-01   8.1619377e-01   4.2528258e-01
   9.9607843e-01   8.1139562e-01   4.2011534e-01
   9.9607843e-01   8.0659746e-01   4.1494810e-01
   9.9607843e-01   8.0179931e-01   4.0978085e-01
   9.9607843e-01   7.9700115e-01   4.0461361e-01
   9.9607843e-01   7.9220300e-01   3.9944637e-01
   9.9607843e-01   7.8740484e-01   3.9427912e-01
   9.9607843e-01   7.8260669e-01   3.8911188e-01
   9.9607843e-01   7.7780854e-01   3.8394464e-01
   9.9607843e-01   7.7301038e-01   3.7877739e-01
   9.9607843e-01   7.6821223e-01   3.7361015e-01
   9.9607843e-01   7.6341407e-01   3.6844291e-01
   9.9607843e-01   7.5861592e-01   3.6327566e-01
   9.9607843e-01   7.5381776e-01   3.5810842e-01
   9.9607843e-01   7.4901961e-01   3.5294118e-01
   9.9607843e-01   7.4422145e-01   3.4777393e-01
   9.9607843e-01   7.3942330e-01   3.4260669e-01
   9.9607843e-01   7.3462514e-01   3.3743945e-01
   9.9607843e-01   7.2982699e-01   3.3227220e-01
   9.9607843e-01   7.2502884e-01   3.2710496e-01
   9.9607843e-01   7.2023068e-01   3.2193772e-01
   9.9607843e-01   7.1543253e-01   3.1677047e-01
   9.9607843e-01   7.1063437e-01   3.1160323e-01
   9.9607843e-01   7.0583622e-01   3.0643599e-01
   9.9607843e-01   7.0103806e-01   3.0126874e-01
   9.9603230e-01   6.9633218e-01   2.9730104e-01
   9.9590927e-01   6.9178008e-01   2.9533256e-01
   9.9578624e-01   6.8722799e-01   2.9336409e-01
   9.9566321e-01   6.8267589e-01   2.9139562e-01
   9.9554018e-01   6.7812380e-01   2.8942714e-01
   9.9541715e-01   6.7357170e-01   2.8745867e-01
   9.9529412e-01   6.6901961e-01   2.8549020e-01
   9.9517109e-01   6.6446751e-01   2.8352172e-01
   9.9504806e-01   6.5991542e-01   2.8155325e-01
   9.9492503e-01   6.5536332e-01   2.7958478e-01
   9.9480200e-01   6.5081123e-01   2.7761630e-01
   9.9467897e-01   6.4625913e-01   2.7564783e-01
   9.9455594e-01   6.4170704e-01   2.7367935e-01
   9.9443291e-01   6.3715494e-01   2.7171088e-01
   9.9430988e-01   6.3260285e-01   2.6974241e-01
   9.9418685e-01   6.2805075e-01   2.6777393e-01
   9.9406382e-01   6.2349865e-01   2.6580546e-01
   9.9394079e-01   6.1894656e-01   2.6383699e-01
   9.9381776e-01   6.1439446e-01   2.6186851e-01
   9.9369473e-01   6.0984237e-01   2.5990004e-01
   9.9357170e-01   6.0529027e-01   2.5793156e-01
   9.9344867e-01   6.0073818e-01   2.5596309e-01
   9.9332564e-01   5.9618608e-01   2.5399462e-01
   9.9320261e-01   5.9163399e-01   2.5202614e-01
   9.9307958e-01   5.8708189e-01   2.5005767e-01
   9.9295656e-01   5.8252980e-01   2.4808920e-01
   9.9283353e-01   5.7797770e-01   2.4612072e-01
   9.9271050e-01   5.7342561e-01   2.4415225e-01
   9.9258747e-01   5.6887351e-01   2.4218378e-01
   9.9246444e-01   5.6432141e-01   2.4021530e-01
   9.9234141e-01   5.5976932e-01   2.3824683e-01
   9.9221838e-01   5.5521722e-01   2.3627835e-01
   9.9209535e-01   5.4906574e-01   2.3418685e-01
   9.9197232e-01   5.4131488e-01   2.3197232e-01
   9.9184929e-01   5.3356401e-01   2.2975779e-01
   9.9172626e-01   5.2581315e-01   2.2754325e-01
   9.9160323e-01   5.1806228e-01   2.2532872e-01
   9.9148020e-01   5.1031142e-01   2.2311419e-01
   9.9135717e-01   5.0256055e-01   2.2089965e-01
   9.9123414e-01   4.9480969e-01   2.1868512e-01
   9.9111111e-01   4.8705882e-01   2.1647059e-01
   9.9098808e-01   4.7930796e-01   2.1425606e-01
   9.9086505e-01   4.7155709e-01   2.1204152e-01
   9.9074202e-01   4.6380623e-01   2.0982699e-01
   9.9061899e-01   4.5605536e-01   2.0761246e-01
   9.9049596e-01   4.4830450e-01   2.0539792e-01
   9.9037293e-01   4.4055363e-01   2.0318339e-01
   9.9024990e-01   4.3280277e-01   2.0096886e-01
   9.9012687e-01   4.2505190e-01   1.9875433e-01
   9.9000384e-01   4.1730104e-01   1.9653979e-01
   9.8988082e-01   4.0955017e-01   1.9432526e-01
   9.8975779e-01   4.0179931e-01   1.9211073e-01
   9.8963476e-01   3.9404844e-01   1.8989619e-01
   9.8951173e-01   3.8629758e-01   1.8768166e-01
   9.8938870e-01   3.7854671e-01   1.8546713e-01
   9.8926567e-01   3.7079585e-01   1.8325260e-01
   9.8914264e-01   3.6304498e-01   1.8103806e-01
   9.8901961e-01   3.5529412e-01   1.7882353e-01
   9.8889658e-01   3.4754325e-01   1.7660900e-01
   9.8877355e-01   3.3979239e-01   1.7439446e-01
   9.8865052e-01   3.3204152e-01   1.7217993e-01
   9.8852749e-01   3.2429066e-01   1.6996540e-01
   9.8840446e-01   3.1653979e-01   1.6775087e-01
   9.8828143e-01   3.0878893e-01   1.6553633e-01
   9.8631296e-01   3.0188389e-01   1.6362937e-01
   9.8323722e-01   2.9548635e-01   1.6190696e-01
   9.8016148e-01   2.8908881e-01   1.6018454e-01
   9.7708574e-01   2.8269127e-01   1.5846213e-01
   9.7401000e-01   2.7629373e-01   1.5673972e-01
   9.7093426e-01   2.6989619e-01   1.5501730e-01
   9.6785852e-01   2.6349865e-01   1.5329489e-01
   9.6478278e-01   2.5710111e-01   1.5157247e-01
   9.6170704e-01   2.5070358e-01   1.4985006e-01
   9.5863130e-01   2.4430604e-01   1.4812764e-01
   9.5555556e-01   2.3790850e-01   1.4640523e-01
   9.5247982e-01   2.3151096e-01   1.4468281e-01
   9.4940408e-01   2.2511342e-01   1.4296040e-01
   9.4632834e-01   2.1871588e-01   1.4123799e-01
   9.4325260e-01   2.1231834e-01   1.3951557e-01
   9.4017686e-01   2.0592080e-01   1.3779316e-01
   9.3710111e-01   1.9952326e-01   1.3607074e-01
   9.3402537e-01   1.9312572e-01   1.3434833e-01
   9.3094963e-01   1.8672818e-01   1.3262591e-01
   9.2787389e-01   1.8033064e-01   1.3090350e-01
   9.2479815e-01   1.7393310e-01   1.2918108e-01
   9.2172241e-01   1.6753556e-01   1.2745867e-01
   9.1864667e-01   1.6113802e-01   1.2573626e-01
   9.1557093e-01   1.5474048e-01   1.2401384e-01
   9.1249519e-01   1.4834295e-01   1.2229143e-01
   9.0941945e-01   1.4194541e-01   1.2056901e-01
   9.0634371e-01   1.3554787e-01   1.1884660e-01
   9.0326797e-01   1.2915033e-01   1.1712418e-01
   9.0019223e-01   1.2275279e-01   1.1540177e-01
   8.9711649e-01   1.1635525e-01   1.1367935e-01
   8.9404075e-01   1.0995771e-01   1.1195694e-01
   8.9096501e-01   1.0356017e-01   1.1023453e-01
   8.8668973e-01   9.9561707e-02   1.1072664e-01
   8.8201461e-01   9.6362937e-02   1.1195694e-01
   8.7733948e-01   9.3164168e-02   1.1318724e-01
   8.7266436e-01   8.9965398e-02   1.1441753e-01
   8.6798923e-01   8.6766628e-02   1.1564783e-01
   8.6331411e-01   8.3567859e-02   1.1687812e-01
   8.5863899e-01   8.0369089e-02   1.1810842e-01
   8.5396386e-01   7.7170319e-02   1.1933872e-01
   8.4928874e-01   7.3971549e-02   1.2056901e-01
   8.4461361e-01   7.0772780e-02   1.2179931e-01
   8.3993849e-01   6.7574010e-02   1.2302960e-01
   8.3526336e-01   6.4375240e-02   1.2425990e-01
   8.3058824e-01   6.1176471e-02   1.2549020e-01
   8.2591311e-01   5.7977701e-02   1.2672049e-01
   8.2123799e-01   5.4778931e-02   1.2795079e-01
   8.1656286e-01   5.1580161e-02   1.2918108e-01
   8.1188774e-01   4.8381392e-02   1.3041138e-01
   8.0721261e-01   4.5182622e-02   1.3164168e-01
   8.0253749e-01   4.1983852e-02   1.3287197e-01
   7.9786236e-01   3.8785083e-02   1.3410227e-01
   7.9318724e-01   3.5586313e-02   1.3533256e-01
   7.8851211e-01   3.2387543e-02   1.3656286e-01
   7.8383699e-01   2.9188774e-02   1.3779316e-01
   7.7916186e-01   2.5990004e-02   1.3902345e-01
   7.7448674e-01   2.2791234e-02   1.4025375e-01
   7.6981161e-01   1.9592464e-02   1.4148404e-01
   7.6513649e-01   1.6393695e-02   1.4271434e-01
   7.6046136e-01   1.3194925e-02   1.4394464e-01
   7.5578624e-01   9.9961553e-03   1.4517493e-01
   7.5111111e-01   6.7973856e-03   1.4640523e-01
   7.4643599e-01   3.5986159e-03   1.4763552e-01
   7.4176086e-01   3.9984621e-04   1.4886582e-01
   7.3460977e-01   0.0000000e+00   1.4901961e-01
   7.2710496e-01   0.0000000e+00   1.4901961e-01
   7.1960015e-01   0.0000000e+00   1.4901961e-01
   7.1209535e-01   0.0000000e+00   1.4901961e-01
   7.0459054e-01   0.0000000e+00   1.4901961e-01
   6.9708574e-01   0.0000000e+00   1.4901961e-01
   6.8958093e-01   0.0000000e+00   1.4901961e-01
   6.8207612e-01   0.0000000e+00   1.4901961e-01
   6.7457132e-01   0.0000000e+00   1.4901961e-01
   6.6706651e-01   0.0000000e+00   1.4901961e-01
   6.5956171e-01   0.0000000e+00   1.4901961e-01
   6.5205690e-01   0.0000000e+00   1.4901961e-01
   6.4455210e-01   0.0000000e+00   1.4901961e-01
   6.3704729e-01   0.0000000e+00   1.4901961e-01
   6.2954248e-01   0.0000000e+00   1.4901961e-01
   6.2203768e-01   0.0000000e+00   1.4901961e-01
   6.1453287e-01   0.0000000e+00   1.4901961e-01
   6.0702807e-01   0.0000000e+00   1.4901961e-01
   5.9952326e-01   0.0000000e+00   1.4901961e-01
   5.9201845e-01   0.0000000e+00   1.4901961e-01
   5.8451365e-01   0.0000000e+00   1.4901961e-01
   5.7700884e-01   0.0000000e+00   1.4901961e-01
   5.6950404e-01   0.0000000e+00   1.4901961e-01
   5.6199923e-01   0.0000000e+00   1.4901961e-01
   5.5449443e-01   0.0000000e+00   1.4901961e-01
   5.4698962e-01   0.0000000e+00   1.4901961e-01
   5.3948481e-01   0.0000000e+00   1.4901961e-01
   5.3198001e-01   0.0000000e+00   1.4901961e-01
   5.2447520e-01   0.0000000e+00   1.4901961e-01
   5.1697040e-01   0.0000000e+00   1.4901961e-01
   5.0946559e-01   0.0000000e+00   1.4901961e-01
   5.0196078e-01   0.0000000e+00   1.4901961e-01
